8.25 9.76667 1.27813 8.75406 0.533334 1.06667 
-997
8.25 9.5 1.25 8.75 0.8 0.8 
-1000
12 9.36667 5.00178 5.00178 0.933333 0.666667 
-1000
10.75 9.5 3.75 6.25 0.8 0.8 
-1000
12 9.23333 5.00711 5.00711 1.06667 0.533334 
-999
10.75 9.63333 3.75237 6.25142 0.666667 0.933333 
-999
8.25 9.23333 1.27813 8.75406 1.06667 0.533334 
-1000
12 9.1 5.01597 5.01597 1.2 0.4 
-999
8.25 9.23333 1.27813 8.75406 1.06667 0.533334 
-1000
7 9.36667 0.133333 10.0009 0.933333 0.666667 
-1000
10.75 9.9 3.77127 6.26279 0.4 1.2 
-997
7 9.1 0.4 10.008 1.2 0.4 
-1000
12 9.23333 5.00711 5.00711 1.06667 0.533334 
-999
9.5 9.9 2.5318 7.51066 0.4 1.2 
-1000
7 9.5 0 10 0.8 0.8 
-1000
9.5 9.36667 2.50355 7.50118 0.933333 0.666667 
-1000
8.25 9.63333 1.25709 8.75102 0.666667 0.933333 
-999
12 9.23333 5.00711 5.00711 1.06667 0.533334 
-14.356
8.25 9.36667 1.25709 8.75102 0.933333 0.666667 
-997
8.25 9.76667 1.27813 8.75406 0.533334 1.06667 
-999
9.5 9.5 2.5 7.5 0.8 0.8 
-1000
9.5 9.9 2.5318 7.51066 0.4 1.2 
-29.007
8.25 9.5 1.25 8.75 0.8 0.8 
-999
10.75 9.76667 3.75947 6.25569 0.533334 1.06667 
-1000
7 9.9 0.4 10.008 0.4 1.2 
-1000
10.75 9.23333 3.75947 6.25569 1.06667 0.533334 
-1000
12 9.23333 5.00711 5.00711 1.06667 0.533334 
-997
12 9.36667 5.00178 5.00178 0.933333 0.666667 
-1000
9.5 9.1 2.5318 7.51066 1.2 0.4 
-19.068
9.5 9.5 2.5 7.5 0.8 0.8 
-1000
8.25 9.1 1.31244 8.75914 1.2 0.4 
-24.926
10.75 9.76667 3.75947 6.25569 0.533334 1.06667 
-999
7 9.63333 0.133333 10.0009 0.666667 0.933333 
-1000
7 9.5 0 10 0.8 0.8 
-1000
12 9.1 5.01597 5.01597 1.2 0.4 
-13.322
12 9.76667 5.00711 5.00711 0.533334 1.06667 
-997
7 9.76667 0.266666 10.0036 0.533334 1.06667 
-997
7 9.23333 0.266666 10.0036 1.06667 0.533334 
-1000
7 9.5 0 10 0.8 0.8 
-1000
10.75 9.63333 3.75237 6.25142 0.666667 0.933333 
-997
9.5 9.23333 2.51418 7.50474 1.06667 0.533334 
-23.268
8.25 9.23333 1.27813 8.75406 1.06667 0.533334 
-27.761
10.75 9.63333 3.75237 6.25142 0.666667 0.933333 
-999
8.25 9.5 1.25 8.75 0.8 0.8 
-999
12 9.1 5.01597 5.01597 1.2 0.4 
-999
12 9.1 5.01597 5.01597 1.2 0.4 
-1000
7 9.5 0 10 0.8 0.8 
-1000
9.5 9.36667 2.50355 7.50118 0.933333 0.666667 
-35.152
10.75 9.23333 3.75947 6.25569 1.06667 0.533334 
-1000
8.25 9.76667 1.27813 8.75406 0.533334 1.06667 
-999
7 9.76667 0.266666 10.0036 0.533334 1.06667 
-1000
7 9.63333 0.133333 10.0009 0.666667 0.933333 
-997
12 9.63333 5.00178 5.00178 0.666667 0.933333 
-997
9.5 9.23333 2.51418 7.50474 1.06667 0.533334 
-1000
8.25 9.1 1.31244 8.75914 1.2 0.4 
-997
7 9.5 0 10 0.8 0.8 
-997
7 9.5 0 10 0.8 0.8 
-997
7 9.23333 0.266666 10.0036 1.06667 0.533334 
-1000
8.25 9.63333 1.25709 8.75102 0.666667 0.933333 
-1001
9.5 9.5 2.5 7.5 0.8 0.8 
-997
12 9.5 5 5 0.8 0.8 
-999
9.5 9.63333 2.50355 7.50118 0.666667 0.933333 
-999
10.75 9.1 3.77127 6.26279 1.2 0.4 
-20.764
7 9.1 0.4 10.008 1.2 0.4 
-1000
12 9.76667 5.00711 5.00711 0.533334 1.06667 
-999
9.5 9.1 2.5318 7.51066 1.2 0.4 
-19.061
8.25 9.63333 1.25709 8.75102 0.666667 0.933333 
-999
7 9.5 0 10 0.8 0.8 
-1000
9.5 9.23333 2.51418 7.50474 1.06667 0.533334 
-1000
9.5 9.1 2.5318 7.51066 1.2 0.4 
-22.015
12 9.1 5.01597 5.01597 1.2 0.4 
-999
12 9.5 5 5 0.8 0.8 
-1000
10.75 9.23333 3.75947 6.25569 1.06667 0.533334 
-17.607
9.5 9.76667 2.51418 7.50474 0.533334 1.06667 
-999
9.5 9.63333 2.50355 7.50118 0.666667 0.933333 
-999
10.75 9.9 3.77127 6.26279 0.4 1.2 
-14.666
10.75 9.5 3.75 6.25 0.8 0.8 
-997
10.75 9.1 3.77127 6.26279 1.2 0.4 
-17.011
8.25 9.23333 1.27813 8.75406 1.06667 0.533334 
-32.677
10.75 9.5 3.75 6.25 0.8 0.8 
-1000
12 9.76667 5.00711 5.00711 0.533334 1.06667 
-997
8.25 9.9 1.31244 8.75914 0.4 1.2 
-24.978
12 9.1 5.01597 5.01597 1.2 0.4 
-999
12 9.36667 5.00178 5.00178 0.933333 0.666667 
-1000
7 9.9 0.4 10.008 0.4 1.2 
-1000
8.25 9.9 1.31244 8.75914 0.4 1.2 
-1001
8.25 9.63333 1.25709 8.75102 0.666667 0.933333 
-997
10.75 9.1 3.77127 6.26279 1.2 0.4 
-1000
9.5 9.1 2.5318 7.51066 1.2 0.4 
-1000
12 9.9 5.01597 5.01597 0.4 1.2 
-1000
9.5 9.23333 2.51418 7.50474 1.06667 0.533334 
-1000
10.75 9.23333 3.75947 6.25569 1.06667 0.533334 
-997
12 9.23333 5.00711 5.00711 1.06667 0.533334 
-1001
7 9.23333 0.266666 10.0036 1.06667 0.533334 
-997
7 9.1 0.4 10.008 1.2 0.4 
-997
12 9.1 5.01597 5.01597 1.2 0.4 
-1001
10.75 9.9 3.77127 6.26279 0.4 1.2 
-17.25
8.25 9.63333 1.25709 8.75102 0.666667 0.933333 
-997
8.25 9.23333 1.27813 8.75406 1.06667 0.533334 
-1000
8.25 9.23333 1.27813 8.75406 1.06667 0.533334 
-997
7 9.36667 0.133333 10.0009 0.933333 0.666667 
-1000
7 9.36667 0.133333 10.0009 0.933333 0.666667 
-997
9.5 9.36667 2.50355 7.50118 0.933333 0.666667 
-1000
10.75 9.63333 3.75237 6.25142 0.666667 0.933333 
-999
12 9.76667 5.00711 5.00711 0.533334 1.06667 
-999
12 9.9 5.01597 5.01597 0.4 1.2 
-999
12 9.23333 5.00711 5.00711 1.06667 0.533334 
-14.96
12 9.9 5.01597 5.01597 0.4 1.2 
-22.513
9.5 9.9 2.5318 7.51066 0.4 1.2 
-25.713
9.5 9.23333 2.51418 7.50474 1.06667 0.533334 
-1000
10.75 9.36667 3.75237 6.25142 0.933333 0.666667 
-1000
12 9.36667 5.00178 5.00178 0.933333 0.666667 
-1000
7 9.76667 0.266666 10.0036 0.533334 1.06667 
-1000
12 9.23333 5.00711 5.00711 1.06667 0.533334 
-999
7 9.36667 0.133333 10.0009 0.933333 0.666667 
-1000
8.25 9.63333 1.25709 8.75102 0.666667 0.933333 
-999
8.25 9.1 1.31244 8.75914 1.2 0.4 
-1000
8.25 9.9 1.31244 8.75914 0.4 1.2 
-31.803
12 9.63333 5.00178 5.00178 0.666667 0.933333 
-999
12 9.76667 5.00711 5.00711 0.533334 1.06667 
-999
10.75 9.5 3.75 6.25 0.8 0.8 
-1000
10.75 9.63333 3.75237 6.25142 0.666667 0.933333 
-997
10.75 9.1 3.77127 6.26279 1.2 0.4 
-15.286
9.5 9.76667 2.51418 7.50474 0.533334 1.06667 
-999
10.75 9.76667 3.75947 6.25569 0.533334 1.06667 
-1000
10.75 9.1 3.77127 6.26279 1.2 0.4 
-16.264
8.25 9.76667 1.27813 8.75406 0.533334 1.06667 
-999
12 9.5 5 5 0.8 0.8 
-999
8.25 9.36667 1.25709 8.75102 0.933333 0.666667 
-1000
9.5 9.9 2.5318 7.51066 0.4 1.2 
-997
7 9.63333 0.133333 10.0009 0.666667 0.933333 
-1000
8.25 9.63333 1.25709 8.75102 0.666667 0.933333 
-999
12 9.9 5.01597 5.01597 0.4 1.2 
-999
12 9.63333 5.00178 5.00178 0.666667 0.933333 
-999
8.25 9.9 1.31244 8.75914 0.4 1.2 
-1000
8.25 9.36667 1.25709 8.75102 0.933333 0.666667 
-997
8.25 9.23333 1.27813 8.75406 1.06667 0.533334 
-22.373
8.25 9.23333 1.27813 8.75406 1.06667 0.533334 
-997
8.25 9.36667 1.25709 8.75102 0.933333 0.666667 
-997
7 9.76667 0.266666 10.0036 0.533334 1.06667 
-1000
10.75 9.36667 3.75237 6.25142 0.933333 0.666667 
-999
12 9.63333 5.00178 5.00178 0.666667 0.933333 
-999
7 9.1 0.4 10.008 1.2 0.4 
-1000
7 9.76667 0.266666 10.0036 0.533334 1.06667 
-997
10.75 9.76667 3.75947 6.25569 0.533334 1.06667 
-999
7 9.36667 0.133333 10.0009 0.933333 0.666667 
-1000
9.5 9.5 2.5 7.5 0.8 0.8 
-1000
12 9.76667 5.00711 5.00711 0.533334 1.06667 
-999
12 9.1 5.01597 5.01597 1.2 0.4 
-999
10.75 9.76667 3.75947 6.25569 0.533334 1.06667 
-1000
12 9.63333 5.00178 5.00178 0.666667 0.933333 
-999
9.5 9.5 2.5 7.5 0.8 0.8 
-1000
9.5 9.36667 2.50355 7.50118 0.933333 0.666667 
-1000
12 9.36667 5.00178 5.00178 0.933333 0.666667 
-997
7 9.23333 0.266666 10.0036 1.06667 0.533334 
-1000
9.5 9.9 2.5318 7.51066 0.4 1.2 
-32.456
12 9.1 5.01597 5.01597 1.2 0.4 
-13.468
10.75 9.63333 3.75237 6.25142 0.666667 0.933333 
-999
9.5 9.36667 2.50355 7.50118 0.933333 0.666667 
-1000
7 9.36667 0.133333 10.0009 0.933333 0.666667 
-1000
10.75 9.36667 3.75237 6.25142 0.933333 0.666667 
-997
12 9.63333 5.00178 5.00178 0.666667 0.933333 
-997
10.75 9.63333 3.75237 6.25142 0.666667 0.933333 
-999
10.75 9.23333 3.75947 6.25569 1.06667 0.533334 
-18.16
7 9.9 0.4 10.008 0.4 1.2 
-1000
7 9.63333 0.133333 10.0009 0.666667 0.933333 
-1001
8.25 9.36667 1.25709 8.75102 0.933333 0.666667 
-1000
9.5 9.1 2.5318 7.51066 1.2 0.4 
-997
8.25 9.76667 1.27813 8.75406 0.533334 1.06667 
-999
9.5 9.63333 2.50355 7.50118 0.666667 0.933333 
-999
9.5 9.76667 2.51418 7.50474 0.533334 1.06667 
-19.015
8.25 9.76667 1.27813 8.75406 0.533334 1.06667 
-999
9.5 9.23333 2.51418 7.50474 1.06667 0.533334 
-1000
12 9.5 5 5 0.8 0.8 
-999
9.5 9.5 2.5 7.5 0.8 0.8 
-1000
9.5 9.76667 2.51418 7.50474 0.533334 1.06667 
-997
12 9.76667 5.00711 5.00711 0.533334 1.06667 
-999
8.25 9.63333 1.25709 8.75102 0.666667 0.933333 
-999
12 9.23333 5.00711 5.00711 1.06667 0.533334 
-13.675
7 9.5 0 10 0.8 0.8 
-1000
9.5 9.23333 2.51418 7.50474 1.06667 0.533334 
-19.873
7 9.5 0 10 0.8 0.8 
-1000
10.75 9.1 3.77127 6.26279 1.2 0.4 
-15.222
8.25 9.23333 1.27813 8.75406 1.06667 0.533334 
-1000
12 9.76667 5.00711 5.00711 0.533334 1.06667 
-997
12 9.9 5.01597 5.01597 0.4 1.2 
-1000
7 9.76667 0.266666 10.0036 0.533334 1.06667 
-1000
7 9.5 0 10 0.8 0.8 
-997
10.75 9.63333 3.75237 6.25142 0.666667 0.933333 
-999
10.75 9.1 3.77127 6.26279 1.2 0.4 
-15.627
7 9.76667 0.266666 10.0036 0.533334 1.06667 
-1000
10.75 9.63333 3.75237 6.25142 0.666667 0.933333 
-999
12 9.36667 5.00178 5.00178 0.933333 0.666667 
-1000
12 9.5 5 5 0.8 0.8 
-1000
8.25 9.76667 1.27813 8.75406 0.533334 1.06667 
-999
7 9.23333 0.266666 10.0036 1.06667 0.533334 
-1000
8.25 9.76667 1.27813 8.75406 0.533334 1.06667 
-999
12 9.76667 5.00711 5.00711 0.533334 1.06667 
-999
10.75 9.9 3.77127 6.26279 0.4 1.2 
-1000
7 9.23333 0.266666 10.0036 1.06667 0.533334 
-1000
9.5 9.36667 2.50355 7.50118 0.933333 0.666667 
-997
8.25 9.63333 1.25709 8.75102 0.666667 0.933333 
-999
8.25 9.9 1.31244 8.75914 0.4 1.2 
-27.729
8.25 9.36667 1.25709 8.75102 0.933333 0.666667 
-997
9.5 9.76667 2.51418 7.50474 0.533334 1.06667 
-1000
8.25 9.1 1.31244 8.75914 1.2 0.4 
-997
12 9.1 5.01597 5.01597 1.2 0.4 
-999
12 9.36667 5.00178 5.00178 0.933333 0.666667 
-1000
12 9.5 5 5 0.8 0.8 
-999
12 9.9 5.01597 5.01597 0.4 1.2 
-999
12 9.76667 5.00711 5.00711 0.533334 1.06667 
-999
8.25 9.63333 1.25709 8.75102 0.666667 0.933333 
-999
7 9.5 0 10 0.8 0.8 
-1000
12 9.5 5 5 0.8 0.8 
-997
12 9.5 5 5 0.8 0.8 
-1000
8.25 9.9 1.31244 8.75914 0.4 1.2 
-1000
12 9.5 5 5 0.8 0.8 
-999
7 9.36667 0.133333 10.0009 0.933333 0.666667 
-1000
9.5 9.5 2.5 7.5 0.8 0.8 
-997
12 9.76667 5.00711 5.00711 0.533334 1.06667 
-999
10.75 9.36667 3.75237 6.25142 0.933333 0.666667 
-1000
12 9.9 5.01597 5.01597 0.4 1.2 
-999
10.75 9.36667 3.75237 6.25142 0.933333 0.666667 
-18.672
12 9.5 5 5 0.8 0.8 
-999
8.25 9.1 1.31244 8.75914 1.2 0.4 
-23.964
8.25 9.76667 1.27813 8.75406 0.533334 1.06667 
-999
12 9.63333 5.00178 5.00178 0.666667 0.933333 
-999
9.5 9.76667 2.51418 7.50474 0.533334 1.06667 
-999
8.25 9.63333 1.25709 8.75102 0.666667 0.933333 
-999
10.75 9.63333 3.75237 6.25142 0.666667 0.933333 
-999
9.5 9.9 2.5318 7.51066 0.4 1.2 
-1000
7 9.63333 0.133333 10.0009 0.666667 0.933333 
-1000
8.25 9.9 1.31244 8.75914 0.4 1.2 
-1000
8.25 9.5 1.25 8.75 0.8 0.8 
-997
8.25 9.9 1.31244 8.75914 0.4 1.2 
-1000
8.25 9.5 1.25 8.75 0.8 0.8 
-1000
9.5 9.63333 2.50355 7.50118 0.666667 0.933333 
-997
9.5 9.63333 2.50355 7.50118 0.666667 0.933333 
-999
7 9.76667 0.266666 10.0036 0.533334 1.06667 
-1000
10.75 9.76667 3.75947 6.25569 0.533334 1.06667 
-999
9.5 9.63333 2.50355 7.50118 0.666667 0.933333 
-999
7 9.5 0 10 0.8 0.8 
-1000
9.5 9.1 2.5318 7.51066 1.2 0.4 
-997
10.75 9.1 3.77127 6.26279 1.2 0.4 
-16.31
7 9.1 0.4 10.008 1.2 0.4 
-1000
8.25 9.5 1.25 8.75 0.8 0.8 
-1000
12 9.9 5.01597 5.01597 0.4 1.2 
-999
8.25 9.23333 1.27813 8.75406 1.06667 0.533334 
-1000
8.25 9.76667 1.27813 8.75406 0.533334 1.06667 
-997
9.5 9.36667 2.50355 7.50118 0.933333 0.666667 
-1000
9.5 9.63333 2.50355 7.50118 0.666667 0.933333 
-999
8.25 9.9 1.31244 8.75914 0.4 1.2 
-1000
9.5 9.36667 2.50355 7.50118 0.933333 0.666667 
-1000
9.5 9.63333 2.50355 7.50118 0.666667 0.933333 
-999
8.25 9.36667 1.25709 8.75102 0.933333 0.666667 
-1000
10.75 9.36667 3.75237 6.25142 0.933333 0.666667 
-997
12 9.36667 5.00178 5.00178 0.933333 0.666667 
-999
9.5 9.63333 2.50355 7.50118 0.666667 0.933333 
-999
8.25 9.23333 1.27813 8.75406 1.06667 0.533334 
-1000
9.5 9.63333 2.50355 7.50118 0.666667 0.933333 
-997
9.5 9.9 2.5318 7.51066 0.4 1.2 
-21.686
7 9.76667 0.266666 10.0036 0.533334 1.06667 
-1000
10.75 9.36667 3.75237 6.25142 0.933333 0.666667 
-1000
8.25 9.63333 1.25709 8.75102 0.666667 0.933333 
-999
9.5 9.36667 2.50355 7.50118 0.933333 0.666667 
-1000
7 9.23333 0.266666 10.0036 1.06667 0.533334 
-1000
10.75 9.1 3.77127 6.26279 1.2 0.4 
-18.321
8.25 9.63333 1.25709 8.75102 0.666667 0.933333 
-999
12 9.63333 5.00178 5.00178 0.666667 0.933333 
-999
10.75 9.76667 3.75947 6.25569 0.533334 1.06667 
-999
7 9.36667 0.133333 10.0009 0.933333 0.666667 
-1000
9.5 9.23333 2.51418 7.50474 1.06667 0.533334 
-997
7 9.9 0.4 10.008 0.4 1.2 
-1001
9.5 9.36667 2.50355 7.50118 0.933333 0.666667 
-1000
7 9.23333 0.266666 10.0036 1.06667 0.533334 
-1000
9.5 9.63333 2.50355 7.50118 0.666667 0.933333 
-999
7 9.5 0 10 0.8 0.8 
-1000
8.25 9.76667 1.27813 8.75406 0.533334 1.06667 
-999
7 9.5 0 10 0.8 0.8 
-1000
9.5 9.36667 2.50355 7.50118 0.933333 0.666667 
-1000
12 9.23333 5.00711 5.00711 1.06667 0.533334 
-12.918
10.75 9.1 3.77127 6.26279 1.2 0.4 
-14.659
7 9.9 0.4 10.008 0.4 1.2 
-1001
10.75 9.23333 3.75947 6.25569 1.06667 0.533334 
-15.473
7 9.63333 0.133333 10.0009 0.666667 0.933333 
-1000
10.75 9.9 3.77127 6.26279 0.4 1.2 
-1000
10.75 9.23333 3.75947 6.25569 1.06667 0.533334 
-1000
8.25 9.76667 1.27813 8.75406 0.533334 1.06667 
-997
8.25 9.5 1.25 8.75 0.8 0.8 
-1000
8.25 9.1 1.31244 8.75914 1.2 0.4 
-997
8.25 9.1 1.31244 8.75914 1.2 0.4 
-1001
8.25 9.23333 1.27813 8.75406 1.06667 0.533334 
-1000
8.25 9.9 1.31244 8.75914 0.4 1.2 
-997
12 9.36667 5.00178 5.00178 0.933333 0.666667 
-999
12 9.5 5 5 0.8 0.8 
-1000
7 9.9 0.4 10.008 0.4 1.2 
-1000
8.25 9.36667 1.25709 8.75102 0.933333 0.666667 
-1000
9.5 9.5 2.5 7.5 0.8 0.8 
-1000
9.5 9.5 2.5 7.5 0.8 0.8 
-1000
7 9.9 0.4 10.008 0.4 1.2 
-1000
9.5 9.9 2.5318 7.51066 0.4 1.2 
-30.069
12 9.5 5 5 0.8 0.8 
-999
10.75 9.1 3.77127 6.26279 1.2 0.4 
-16.259
7 9.5 0 10 0.8 0.8 
-1000
8.25 9.76667 1.27813 8.75406 0.533334 1.06667 
-999
12 9.9 5.01597 5.01597 0.4 1.2 
-999
10.75 9.23333 3.75947 6.25569 1.06667 0.533334 
-17.258
9.5 9.23333 2.51418 7.50474 1.06667 0.533334 
-1000
8.25 9.63333 1.25709 8.75102 0.666667 0.933333 
-999
10.75 9.63333 3.75237 6.25142 0.666667 0.933333 
-999
8.25 9.23333 1.27813 8.75406 1.06667 0.533334 
-1000
9.5 9.5 2.5 7.5 0.8 0.8 
-997
10.75 9.5 3.75 6.25 0.8 0.8 
-1000
9.5 9.1 2.5318 7.51066 1.2 0.4 
-22.516
9.5 9.36667 2.50355 7.50118 0.933333 0.666667 
-1000
7 9.76667 0.266666 10.0036 0.533334 1.06667 
-1000
9.5 9.63333 2.50355 7.50118 0.666667 0.933333 
-997
7 9.63333 0.133333 10.0009 0.666667 0.933333 
-1000
9.5 9.5 2.5 7.5 0.8 0.8 
-1000
7 9.9 0.4 10.008 0.4 1.2 
-997
8.25 9.63333 1.25709 8.75102 0.666667 0.933333 
-999
7 9.36667 0.133333 10.0009 0.933333 0.666667 
-1000
9.5 9.1 2.5318 7.51066 1.2 0.4 
-24.973
7 9.23333 0.266666 10.0036 1.06667 0.533334 
-1000
12 9.63333 5.00178 5.00178 0.666667 0.933333 
-997
10.75 9.23333 3.75947 6.25569 1.06667 0.533334 
-22.511
8.25 9.1 1.31244 8.75914 1.2 0.4 
-1000
7 9.9 0.4 10.008 0.4 1.2 
-1001
9.5 9.36667 2.50355 7.50118 0.933333 0.666667 
-997
10.75 9.5 3.75 6.25 0.8 0.8 
-997
10.75 9.5 3.75 6.25 0.8 0.8 
-1000
7 9.23333 0.266666 10.0036 1.06667 0.533334 
-1000
9.5 9.9 2.5318 7.51066 0.4 1.2 
-21.868
10.75 9.23333 3.75947 6.25569 1.06667 0.533334 
-997
7 9.63333 0.133333 10.0009 0.666667 0.933333 
-1000
8.25 9.36667 1.25709 8.75102 0.933333 0.666667 
-24.818
10.75 9.1 3.77127 6.26279 1.2 0.4 
-18.622
7 9.5 0 10 0.8 0.8 
-1000
7 9.36667 0.133333 10.0009 0.933333 0.666667 
-997
8.25 9.5 1.25 8.75 0.8 0.8 
-999
7 9.9 0.4 10.008 0.4 1.2 
-1000
10.75 9.23333 3.75947 6.25569 1.06667 0.533334 
-997
7 9.63333 0.133333 10.0009 0.666667 0.933333 
-1000
12 9.36667 5.00178 5.00178 0.933333 0.666667 
-997
9.5 9.1 2.5318 7.51066 1.2 0.4 
-997
10.75 9.1 3.77127 6.26279 1.2 0.4 
-22.089
7 9.1 0.4 10.008 1.2 0.4 
-1000
12 9.63333 5.00178 5.00178 0.666667 0.933333 
-997
10.75 9.63333 3.75237 6.25142 0.666667 0.933333 
-999
12 9.36667 5.00178 5.00178 0.933333 0.666667 
-1000
7 9.5 0 10 0.8 0.8 
-1000
8.25 9.9 1.31244 8.75914 0.4 1.2 
-22.885
12 9.63333 5.00178 5.00178 0.666667 0.933333 
-999
12 9.23333 5.00711 5.00711 1.06667 0.533334 
-1000
9.5 9.23333 2.51418 7.50474 1.06667 0.533334 
-997
7 9.9 0.4 10.008 0.4 1.2 
-1000
9.5 9.36667 2.50355 7.50118 0.933333 0.666667 
-1000
10.75 9.23333 3.75947 6.25569 1.06667 0.533334 
-14.871
10.75 9.63333 3.75237 6.25142 0.666667 0.933333 
-999
12 9.63333 5.00178 5.00178 0.666667 0.933333 
-999
10.75 9.5 3.75 6.25 0.8 0.8 
-1000
9.5 9.1 2.5318 7.51066 1.2 0.4 
-18.111
8.25 9.5 1.25 8.75 0.8 0.8 
-999
8.25 9.36667 1.25709 8.75102 0.933333 0.666667 
-1000
7 9.36667 0.133333 10.0009 0.933333 0.666667 
-1000
10.75 9.9 3.77127 6.26279 0.4 1.2 
-21.162
12 9.5 5 5 0.8 0.8 
-999
7 9.1 0.4 10.008 1.2 0.4 
-1000
12 9.36667 5.00178 5.00178 0.933333 0.666667 
-1000
12 9.76667 5.00711 5.00711 0.533334 1.06667 
-999
8.25 9.5 1.25 8.75 0.8 0.8 
-999
7 9.23333 0.266666 10.0036 1.06667 0.533334 
-1000
12 9.63333 5.00178 5.00178 0.666667 0.933333 
-999
9.5 9.23333 2.51418 7.50474 1.06667 0.533334 
-1000
8.25 9.23333 1.27813 8.75406 1.06667 0.533334 
-997
8.25 9.63333 1.25709 8.75102 0.666667 0.933333 
-999
8.25 9.9 1.31244 8.75914 0.4 1.2 
-1000
8.25 9.36667 1.25709 8.75102 0.933333 0.666667 
-28.473
8.25 9.36667 1.25709 8.75102 0.933333 0.666667 
-1000
7 9.5 0 10 0.8 0.8 
-1000
9.5 9.36667 2.50355 7.50118 0.933333 0.666667 
-1000
8.25 9.76667 1.27813 8.75406 0.533334 1.06667 
-999
9.5 9.36667 2.50355 7.50118 0.933333 0.666667 
-1000
10.75 9.63333 3.75237 6.25142 0.666667 0.933333 
-999
8.25 9.1 1.31244 8.75914 1.2 0.4 
-24.015
12 9.5 5 5 0.8 0.8 
-999
12 9.5 5 5 0.8 0.8 
-1000
10.75 9.36667 3.75237 6.25142 0.933333 0.666667 
-1000
12 9.5 5 5 0.8 0.8 
-997
10.75 9.1 3.77127 6.26279 1.2 0.4 
-20.018
12 9.76667 5.00711 5.00711 0.533334 1.06667 
-999
9.5 9.9 2.5318 7.51066 0.4 1.2 
-25.414
8.25 9.9 1.31244 8.75914 0.4 1.2 
-31.724
8.25 9.23333 1.27813 8.75406 1.06667 0.533334 
-26.416
7 9.9 0.4 10.008 0.4 1.2 
-1000
10.75 9.9 3.77127 6.26279 0.4 1.2 
-20.219
7 9.1 0.4 10.008 1.2 0.4 
-997
7 9.36667 0.133333 10.0009 0.933333 0.666667 
-1000
10.75 9.9 3.77127 6.26279 0.4 1.2 
-997
8.25 9.23333 1.27813 8.75406 1.06667 0.533334 
-1000
8.25 9.76667 1.27813 8.75406 0.533334 1.06667 
-999
9.5 9.23333 2.51418 7.50474 1.06667 0.533334 
-1000
8.25 9.36667 1.25709 8.75102 0.933333 0.666667 
-35.128
8.25 9.5 1.25 8.75 0.8 0.8 
-1000
8.25 9.1 1.31244 8.75914 1.2 0.4 
-34.567
12 9.36667 5.00178 5.00178 0.933333 0.666667 
-1000
10.75 9.1 3.77127 6.26279 1.2 0.4 
-15.776
9.5 9.9 2.5318 7.51066 0.4 1.2 
-28.908
9.5 9.36667 2.50355 7.50118 0.933333 0.666667 
-1000
12 9.36667 5.00178 5.00178 0.933333 0.666667 
-1000
7 9.1 0.4 10.008 1.2 0.4 
-1000
12 9.63333 5.00178 5.00178 0.666667 0.933333 
-997
9.5 9.9 2.5318 7.51066 0.4 1.2 
-21.773
9.5 9.36667 2.50355 7.50118 0.933333 0.666667 
-1000
12 9.9 5.01597 5.01597 0.4 1.2 
-999
7 9.63333 0.133333 10.0009 0.666667 0.933333 
-1000
10.75 9.63333 3.75237 6.25142 0.666667 0.933333 
-1000
12 9.36667 5.00178 5.00178 0.933333 0.666667 
-997
7 9.63333 0.133333 10.0009 0.666667 0.933333 
-1000
12 9.76667 5.00711 5.00711 0.533334 1.06667 
-999
12 9.23333 5.00711 5.00711 1.06667 0.533334 
-21.867
7 9.36667 0.133333 10.0009 0.933333 0.666667 
-1000
9.5 9.63333 2.50355 7.50118 0.666667 0.933333 
-997
9.5 9.76667 2.51418 7.50474 0.533334 1.06667 
-999
8.25 9.63333 1.25709 8.75102 0.666667 0.933333 
-999
10.75 9.5 3.75 6.25 0.8 0.8 
-1000
8.25 9.63333 1.25709 8.75102 0.666667 0.933333 
-999
10.75 9.36667 3.75237 6.25142 0.933333 0.666667 
-1000
10.75 9.9 3.77127 6.26279 0.4 1.2 
-20.314
9.5 9.23333 2.51418 7.50474 1.06667 0.533334 
-22.012
12 9.5 5 5 0.8 0.8 
-999
9.5 9.36667 2.50355 7.50118 0.933333 0.666667 
-1000
8.25 9.1 1.31244 8.75914 1.2 0.4 
-30.015
9.5 9.63333 2.50355 7.50118 0.666667 0.933333 
-997
10.75 9.76667 3.75947 6.25569 0.533334 1.06667 
-1000
10.75 9.76667 3.75947 6.25569 0.533334 1.06667 
-999
8.25 9.9 1.31244 8.75914 0.4 1.2 
-26.118
10.75 9.63333 3.75237 6.25142 0.666667 0.933333 
-997
8.25 9.63333 1.25709 8.75102 0.666667 0.933333 
-999
12 9.23333 5.00711 5.00711 1.06667 0.533334 
-1000
9.5 9.9 2.5318 7.51066 0.4 1.2 
-1000
8.25 9.63333 1.25709 8.75102 0.666667 0.933333 
-997
7 9.5 0 10 0.8 0.8 
-1000
9.5 9.5 2.5 7.5 0.8 0.8 
-999
7 9.76667 0.266666 10.0036 0.533334 1.06667 
-1000
7 9.36667 0.133333 10.0009 0.933333 0.666667 
-1000
10.75 9.1 3.77127 6.26279 1.2 0.4 
-16.771
8.25 9.1 1.31244 8.75914 1.2 0.4 
-28.523
8.25 9.36667 1.25709 8.75102 0.933333 0.666667 
-1000
10.75 9.76667 3.75947 6.25569 0.533334 1.06667 
-997
7 9.76667 0.266666 10.0036 0.533334 1.06667 
-1000
9.5 9.23333 2.51418 7.50474 1.06667 0.533334 
-997
12 9.1 5.01597 5.01597 1.2 0.4 
-19.262
7 9.1 0.4 10.008 1.2 0.4 
-1000
12 9.9 5.01597 5.01597 0.4 1.2 
-1000
9.5 9.36667 2.50355 7.50118 0.933333 0.666667 
-1000
10.75 9.5 3.75 6.25 0.8 0.8 
-1000
8.25 9.5 1.25 8.75 0.8 0.8 
-1000
7 9.76667 0.266666 10.0036 0.533334 1.06667 
-997
12 9.1 5.01597 5.01597 1.2 0.4 
-999
7 9.5 0 10 0.8 0.8 
-1000
8.25 9.9 1.31244 8.75914 0.4 1.2 
-38.164
10.75 9.23333 3.75947 6.25569 1.06667 0.533334 
-20.3
8.25 9.5 1.25 8.75 0.8 0.8 
-1000
8.25 9.23333 1.27813 8.75406 1.06667 0.533334 
-28.267
8.25 9.9 1.31244 8.75914 0.4 1.2 
-26.059
7 9.36667 0.133333 10.0009 0.933333 0.666667 
-997
12 9.76667 5.00711 5.00711 0.533334 1.06667 
-997
7 9.5 0 10 0.8 0.8 
-997
10.75 9.63333 3.75237 6.25142 0.666667 0.933333 
-999
7 9.63333 0.133333 10.0009 0.666667 0.933333 
-1000
7 9.23333 0.266666 10.0036 1.06667 0.533334 
-1000
9.5 9.1 2.5318 7.51066 1.2 0.4 
-26.957
8.25 9.1 1.31244 8.75914 1.2 0.4 
-23.718
12 9.36667 5.00178 5.00178 0.933333 0.666667 
-997
12 9.5 5 5 0.8 0.8 
-999
10.75 9.1 3.77127 6.26279 1.2 0.4 
-15.336
9.5 9.5 2.5 7.5 0.8 0.8 
-1000
7 9.5 0 10 0.8 0.8 
-1000
8.25 9.23333 1.27813 8.75406 1.06667 0.533334 
-31.094
8.25 9.23333 1.27813 8.75406 1.06667 0.533334 
-1001
9.5 9.9 2.5318 7.51066 0.4 1.2 
-1001
10.75 9.36667 3.75237 6.25142 0.933333 0.666667 
-1000
8.25 9.9 1.31244 8.75914 0.4 1.2 
-30.468
9.5 9.9 2.5318 7.51066 0.4 1.2 
-27.461
10.75 9.36667 3.75237 6.25142 0.933333 0.666667 
-22.624
8.25 9.1 1.31244 8.75914 1.2 0.4 
-28.005
10.75 9.1 3.77127 6.26279 1.2 0.4 
-16.117
8.25 9.5 1.25 8.75 0.8 0.8 
-999
10.75 9.5 3.75 6.25 0.8 0.8 
-1000
10.75 9.9 3.77127 6.26279 0.4 1.2 
-20.522
10.75 9.63333 3.75237 6.25142 0.666667 0.933333 
-997
7 9.36667 0.133333 10.0009 0.933333 0.666667 
-1000
9.5 9.1 2.5318 7.51066 1.2 0.4 
-20.022
8.25 9.9 1.31244 8.75914 0.4 1.2 
-997
10.75 9.36667 3.75237 6.25142 0.933333 0.666667 
-997
7 9.63333 0.133333 10.0009 0.666667 0.933333 
-1000
9.5 9.23333 2.51418 7.50474 1.06667 0.533334 
-23.317
10.75 9.1 3.77127 6.26279 1.2 0.4 
-997
9.5 9.9 2.5318 7.51066 0.4 1.2 
-27.055
9.5 9.5 2.5 7.5 0.8 0.8 
-1000
10.75 9.76667 3.75947 6.25569 0.533334 1.06667 
-1000
10.75 9.1 3.77127 6.26279 1.2 0.4 
-19.412
8.25 9.23333 1.27813 8.75406 1.06667 0.533334 
-24.065
8.25 9.5 1.25 8.75 0.8 0.8 
-999
9.5 9.36667 2.50355 7.50118 0.933333 0.666667 
-23.028
7 9.63333 0.133333 10.0009 0.666667 0.933333 
-1001
12 9.63333 5.00178 5.00178 0.666667 0.933333 
-999
8.25 9.5 1.25 8.75 0.8 0.8 
-999
9.5 9.76667 2.51418 7.50474 0.533334 1.06667 
-1000
7 9.76667 0.266666 10.0036 0.533334 1.06667 
-997
12 9.36667 5.00178 5.00178 0.933333 0.666667 
-1000
7 9.63333 0.133333 10.0009 0.666667 0.933333 
-1001
7 9.76667 0.266666 10.0036 0.533334 1.06667 
-997
10.75 9.1 3.77127 6.26279 1.2 0.4 
-14.974
7 9.23333 0.266666 10.0036 1.06667 0.533334 
-1000
12 9.1 5.01597 5.01597 1.2 0.4 
-22.162
12 9.1 5.01597 5.01597 1.2 0.4 
-17.512
7 9.1 0.4 10.008 1.2 0.4 
-1000
9.5 9.36667 2.50355 7.50118 0.933333 0.666667 
-1000
9.5 9.5 2.5 7.5 0.8 0.8 
-1000
7 9.63333 0.133333 10.0009 0.666667 0.933333 
-1000
7 9.9 0.4 10.008 0.4 1.2 
-1000
12 9.5 5 5 0.8 0.8 
-999
9.5 9.63333 2.50355 7.50118 0.666667 0.933333 
-999
9.5 9.76667 2.51418 7.50474 0.533334 1.06667 
-999
9.5 9.76667 2.51418 7.50474 0.533334 1.06667 
-1000
10.75 9.23333 3.75947 6.25569 1.06667 0.533334 
-997
8.25 9.63333 1.25709 8.75102 0.666667 0.933333 
-999
7 9.9 0.4 10.008 0.4 1.2 
-1000
8.25 9.1 1.31244 8.75914 1.2 0.4 
-997
12 9.23333 5.00711 5.00711 1.06667 0.533334 
-18.863
8.25 9.36667 1.25709 8.75102 0.933333 0.666667 
-1000
7 9.76667 0.266666 10.0036 0.533334 1.06667 
-997
7 9.36667 0.133333 10.0009 0.933333 0.666667 
-1000
9.5 9.76667 2.51418 7.50474 0.533334 1.06667 
-1000
12 9.9 5.01597 5.01597 0.4 1.2 
-16.474
9.5 9.76667 2.51418 7.50474 0.533334 1.06667 
-997
9.5 9.36667 2.50355 7.50118 0.933333 0.666667 
-1000
8.25 9.36667 1.25709 8.75102 0.933333 0.666667 
-34.217
7 9.5 0 10 0.8 0.8 
-1000
12 9.76667 5.00711 5.00711 0.533334 1.06667 
-999
9.5 9.5 2.5 7.5 0.8 0.8 
-1000
9.5 9.9 2.5318 7.51066 0.4 1.2 
-24.818
7 9.63333 0.133333 10.0009 0.666667 0.933333 
-1000
7 9.5 0 10 0.8 0.8 
-1000
12 9.76667 5.00711 5.00711 0.533334 1.06667 
-999
8.25 9.36667 1.25709 8.75102 0.933333 0.666667 
-28.566
12 9.5 5 5 0.8 0.8 
-999
8.25 9.5 1.25 8.75 0.8 0.8 
-1000
10.75 9.63333 3.75237 6.25142 0.666667 0.933333 
-999
10.75 9.63333 3.75237 6.25142 0.666667 0.933333 
-999
9.5 9.1 2.5318 7.51066 1.2 0.4 
-20.66
12 9.63333 5.00178 5.00178 0.666667 0.933333 
-999
10.75 9.1 3.77127 6.26279 1.2 0.4 
-18.259
12 9.63333 5.00178 5.00178 0.666667 0.933333 
-999
9.5 9.36667 2.50355 7.50118 0.933333 0.666667 
-1000
9.5 9.63333 2.50355 7.50118 0.666667 0.933333 
-999
12 9.63333 5.00178 5.00178 0.666667 0.933333 
-999
7 9.76667 0.266666 10.0036 0.533334 1.06667 
-1000
7 9.23333 0.266666 10.0036 1.06667 0.533334 
-1000
9.5 9.36667 2.50355 7.50118 0.933333 0.666667 
-1000
8.25 9.63333 1.25709 8.75102 0.666667 0.933333 
-999
8.25 9.5 1.25 8.75 0.8 0.8 
-1000
10.75 9.23333 3.75947 6.25569 1.06667 0.533334 
-19.424
8.25 9.9 1.31244 8.75914 0.4 1.2 
-23.361
12 9.23333 5.00711 5.00711 1.06667 0.533334 
-1000
12 9.76667 5.00711 5.00711 0.533334 1.06667 
-999
8.25 9.36667 1.25709 8.75102 0.933333 0.666667 
-26.869
10.75 9.36667 3.75237 6.25142 0.933333 0.666667 
-1000
9.5 9.76667 2.51418 7.50474 0.533334 1.06667 
-997
8.25 9.9 1.31244 8.75914 0.4 1.2 
-28.971
12 9.76667 5.00711 5.00711 0.533334 1.06667 
-999
7 9.23333 0.266666 10.0036 1.06667 0.533334 
-1000
8.25 9.5 1.25 8.75 0.8 0.8 
-999
7 9.36667 0.133333 10.0009 0.933333 0.666667 
-1000
7 9.63333 0.133333 10.0009 0.666667 0.933333 
-1000
8.25 9.23333 1.27813 8.75406 1.06667 0.533334 
-23.122
10.75 9.5 3.75 6.25 0.8 0.8 
-1000
8.25 9.76667 1.27813 8.75406 0.533334 1.06667 
-999
9.5 9.76667 2.51418 7.50474 0.533334 1.06667 
-1000
9.5 9.1 2.5318 7.51066 1.2 0.4 
-22.324
7 9.36667 0.133333 10.0009 0.933333 0.666667 
-1000
12 9.76667 5.00711 5.00711 0.533334 1.06667 
-997
10.75 9.36667 3.75237 6.25142 0.933333 0.666667 
-1000
7 9.23333 0.266666 10.0036 1.06667 0.533334 
-997
8.25 9.23333 1.27813 8.75406 1.06667 0.533334 
-1000
9.5 9.5 2.5 7.5 0.8 0.8 
-1000
9.5 9.76667 2.51418 7.50474 0.533334 1.06667 
-22.755
7 9.76667 0.266666 10.0036 0.533334 1.06667 
-1000
10.75 9.23333 3.75947 6.25569 1.06667 0.533334 
-19.053
9.5 9.9 2.5318 7.51066 0.4 1.2 
-22.873
10.75 9.1 3.77127 6.26279 1.2 0.4 
-20.228
12 9.76667 5.00711 5.00711 0.533334 1.06667 
-999
8.25 9.1 1.31244 8.75914 1.2 0.4 
-26.566
9.5 9.9 2.5318 7.51066 0.4 1.2 
-23.517
10.75 9.36667 3.75237 6.25142 0.933333 0.666667 
-997
7 9.23333 0.266666 10.0036 1.06667 0.533334 
-1000
12 9.36667 5.00178 5.00178 0.933333 0.666667 
-997
12 9.76667 5.00711 5.00711 0.533334 1.06667 
-999
7 9.23333 0.266666 10.0036 1.06667 0.533334 
-1000
9.5 9.23333 2.51418 7.50474 1.06667 0.533334 
-1000
10.75 9.36667 3.75237 6.25142 0.933333 0.666667 
-1000
7 9.1 0.4 10.008 1.2 0.4 
-1000
9.5 9.36667 2.50355 7.50118 0.933333 0.666667 
-1000
12 9.76667 5.00711 5.00711 0.533334 1.06667 
-997
9.5 9.1 2.5318 7.51066 1.2 0.4 
-26.77
12 9.76667 5.00711 5.00711 0.533334 1.06667 
-999
9.5 9.63333 2.50355 7.50118 0.666667 0.933333 
-999
7 9.5 0 10 0.8 0.8 
-1000
8.25 9.5 1.25 8.75 0.8 0.8 
-999
7 9.36667 0.133333 10.0009 0.933333 0.666667 
-1000
12 9.36667 5.00178 5.00178 0.933333 0.666667 
-999
8.25 9.9 1.31244 8.75914 0.4 1.2 
-26.118
8.25 9.9 1.31244 8.75914 0.4 1.2 
-24.871
9.5 9.63333 2.50355 7.50118 0.666667 0.933333 
-997
9.5 9.1 2.5318 7.51066 1.2 0.4 
-26.235
12 9.76667 5.00711 5.00711 0.533334 1.06667 
-999
8.25 9.76667 1.27813 8.75406 0.533334 1.06667 
-999
8.25 9.5 1.25 8.75 0.8 0.8 
-999
7 9.5 0 10 0.8 0.8 
-1000
12 9.9 5.01597 5.01597 0.4 1.2 
-1000
12 9.36667 5.00178 5.00178 0.933333 0.666667 
-1000
7 9.23333 0.266666 10.0036 1.06667 0.533334 
-1000
8.25 9.36667 1.25709 8.75102 0.933333 0.666667 
-28.072
7 9.36667 0.133333 10.0009 0.933333 0.666667 
-1000
12 9.9 5.01597 5.01597 0.4 1.2 
-15.319
12 9.76667 5.00711 5.00711 0.533334 1.06667 
-997
9.5 9.23333 2.51418 7.50474 1.06667 0.533334 
-1000
12 9.23333 5.00711 5.00711 1.06667 0.533334 
-12.168
8.25 9.23333 1.27813 8.75406 1.06667 0.533334 
-1000
9.5 9.5 2.5 7.5 0.8 0.8 
-1000
8.25 9.36667 1.25709 8.75102 0.933333 0.666667 
-31.275
8.25 9.23333 1.27813 8.75406 1.06667 0.533334 
-997
12 9.23333 5.00711 5.00711 1.06667 0.533334 
-25.065
7 9.5 0 10 0.8 0.8 
-1000
7 9.9 0.4 10.008 0.4 1.2 
-997
8.25 9.23333 1.27813 8.75406 1.06667 0.533334 
-27.059
7 9.23333 0.266666 10.0036 1.06667 0.533334 
-1000
7 9.23333 0.266666 10.0036 1.06667 0.533334 
-1000
10.75 9.5 3.75 6.25 0.8 0.8 
-1000
10.75 9.36667 3.75237 6.25142 0.933333 0.666667 
-17.32
9.5 9.36667 2.50355 7.50118 0.933333 0.666667 
-1000
9.5 9.76667 2.51418 7.50474 0.533334 1.06667 
-1000
7 9.23333 0.266666 10.0036 1.06667 0.533334 
-1000
12 9.23333 5.00711 5.00711 1.06667 0.533334 
-23.354
9.5 9.1 2.5318 7.51066 1.2 0.4 
-25.911
10.75 9.9 3.77127 6.26279 0.4 1.2 
-1000
10.75 9.9 3.77127 6.26279 0.4 1.2 
-21.569
10.75 9.9 3.77127 6.26279 0.4 1.2 
-1000
7 9.36667 0.133333 10.0009 0.933333 0.666667 
-1000
8.25 9.1 1.31244 8.75914 1.2 0.4 
-27.973
7 9.5 0 10 0.8 0.8 
-1000
8.25 9.36667 1.25709 8.75102 0.933333 0.666667 
-1000
8.25 9.23333 1.27813 8.75406 1.06667 0.533334 
-24.682
8.25 9.9 1.31244 8.75914 0.4 1.2 
-27.616
10.75 9.36667 3.75237 6.25142 0.933333 0.666667 
-1000
9.5 9.76667 2.51418 7.50474 0.533334 1.06667 
-24.519
10.75 9.36667 3.75237 6.25142 0.933333 0.666667 
-1000
7 9.63333 0.133333 10.0009 0.666667 0.933333 
-1000
9.5 9.1 2.5318 7.51066 1.2 0.4 
-20.267
8.25 9.23333 1.27813 8.75406 1.06667 0.533334 
-25.373
12 9.76667 5.00711 5.00711 0.533334 1.06667 
-999
7 9.1 0.4 10.008 1.2 0.4 
-1000
9.5 9.36667 2.50355 7.50118 0.933333 0.666667 
-1000
7 9.63333 0.133333 10.0009 0.666667 0.933333 
-1000
9.5 9.23333 2.51418 7.50474 1.06667 0.533334 
-1000
12 9.9 5.01597 5.01597 0.4 1.2 
-999
8.25 9.76667 1.27813 8.75406 0.533334 1.06667 
-999
9.5 9.36667 2.50355 7.50118 0.933333 0.666667 
-22.075
7 9.1 0.4 10.008 1.2 0.4 
-1000
7 9.23333 0.266666 10.0036 1.06667 0.533334 
-997
7 9.76667 0.266666 10.0036 0.533334 1.06667 
-1000
9.5 9.36667 2.50355 7.50118 0.933333 0.666667 
-1000
12 9.63333 5.00178 5.00178 0.666667 0.933333 
-997
9.5 9.63333 2.50355 7.50118 0.666667 0.933333 
-999
10.75 9.23333 3.75947 6.25569 1.06667 0.533334 
-14.069
8.25 9.76667 1.27813 8.75406 0.533334 1.06667 
-999
8.25 9.63333 1.25709 8.75102 0.666667 0.933333 
-999
9.5 9.1 2.5318 7.51066 1.2 0.4 
-20.354
7 9.63333 0.133333 10.0009 0.666667 0.933333 
-1001
8.25 9.9 1.31244 8.75914 0.4 1.2 
-1000
12 9.76667 5.00711 5.00711 0.533334 1.06667 
-999
9.5 9.76667 2.51418 7.50474 0.533334 1.06667 
-999
10.75 9.36667 3.75237 6.25142 0.933333 0.666667 
-1000
9.5 9.76667 2.51418 7.50474 0.533334 1.06667 
-997
8.25 9.36667 1.25709 8.75102 0.933333 0.666667 
-23.459
10.75 9.36667 3.75237 6.25142 0.933333 0.666667 
-1000
7 9.5 0 10 0.8 0.8 
-1000
12 9.63333 5.00178 5.00178 0.666667 0.933333 
-999
10.75 9.9 3.77127 6.26279 0.4 1.2 
-15.9
12 9.23333 5.00711 5.00711 1.06667 0.533334 
-19.956
9.5 9.5 2.5 7.5 0.8 0.8 
-997
7 9.36667 0.133333 10.0009 0.933333 0.666667 
-1000
12 9.36667 5.00178 5.00178 0.933333 0.666667 
-999
8.25 9.5 1.25 8.75 0.8 0.8 
-999
7 9.9 0.4 10.008 0.4 1.2 
-1000
8.25 9.5 1.25 8.75 0.8 0.8 
-999
8.25 9.36667 1.25709 8.75102 0.933333 0.666667 
-24.321
12 9.5 5 5 0.8 0.8 
-1000
9.5 9.76667 2.51418 7.50474 0.533334 1.06667 
-999
9.5 9.63333 2.50355 7.50118 0.666667 0.933333 
-999
12 9.63333 5.00178 5.00178 0.666667 0.933333 
-999
7 9.5 0 10 0.8 0.8 
-1000
12 9.5 5 5 0.8 0.8 
-999
8.25 9.63333 1.25709 8.75102 0.666667 0.933333 
-999
7 9.23333 0.266666 10.0036 1.06667 0.533334 
-1000
7 9.63333 0.133333 10.0009 0.666667 0.933333 
-1000
8.25 9.63333 1.25709 8.75102 0.666667 0.933333 
-999
12 9.63333 5.00178 5.00178 0.666667 0.933333 
-999
8.25 9.5 1.25 8.75 0.8 0.8 
-999
10.75 9.63333 3.75237 6.25142 0.666667 0.933333 
-999
8.25 9.1 1.31244 8.75914 1.2 0.4 
-32.962
8.25 9.63333 1.25709 8.75102 0.666667 0.933333 
-999
7 9.76667 0.266666 10.0036 0.533334 1.06667 
-1000
9.5 9.1 2.5318 7.51066 1.2 0.4 
-23.023
9.5 9.1 2.5318 7.51066 1.2 0.4 
-997
7 9.1 0.4 10.008 1.2 0.4 
-997
12 9.23333 5.00711 5.00711 1.06667 0.533334 
-19.209
12 9.9 5.01597 5.01597 0.4 1.2 
-30.277
9.5 9.5 2.5 7.5 0.8 0.8 
-997
8.25 9.1 1.31244 8.75914 1.2 0.4 
-27.724
10.75 9.5 3.75 6.25 0.8 0.8 
-1000
12 9.23333 5.00711 5.00711 1.06667 0.533334 
-999
12 9.1 5.01597 5.01597 1.2 0.4 
-999
12 9.1 5.01597 5.01597 1.2 0.4 
-14.362
8.25 9.5 1.25 8.75 0.8 0.8 
-999
9.5 9.9 2.5318 7.51066 0.4 1.2 
-24.28
10.75 9.76667 3.75947 6.25569 0.533334 1.06667 
-1000
12 9.23333 5.00711 5.00711 1.06667 0.533334 
-1000
8.25 9.9 1.31244 8.75914 0.4 1.2 
-1000
8.25 9.5 1.25 8.75 0.8 0.8 
-999
10.75 9.5 3.75 6.25 0.8 0.8 
-1000
8.25 9.5 1.25 8.75 0.8 0.8 
-997
8.25 9.9 1.31244 8.75914 0.4 1.2 
-26.375
9.5 9.9 2.5318 7.51066 0.4 1.2 
-19.97
12 9.76667 5.00711 5.00711 0.533334 1.06667 
-999
10.75 9.76667 3.75947 6.25569 0.533334 1.06667 
-999
10.75 9.5 3.75 6.25 0.8 0.8 
-1000
8.25 9.36667 1.25709 8.75102 0.933333 0.666667 
-1000
10.75 9.36667 3.75237 6.25142 0.933333 0.666667 
-997
8.25 9.63333 1.25709 8.75102 0.666667 0.933333 
-999
8.25 9.63333 1.25709 8.75102 0.666667 0.933333 
-999
8.25 9.23333 1.27813 8.75406 1.06667 0.533334 
-1000
7 9.1 0.4 10.008 1.2 0.4 
-30.37
9.5 9.36667 2.50355 7.50118 0.933333 0.666667 
-997
12 9.9 5.01597 5.01597 0.4 1.2 
-1000
10.75 9.76667 3.75947 6.25569 0.533334 1.06667 
-999
12 9.1 5.01597 5.01597 1.2 0.4 
-13.98
12 9.1 5.01597 5.01597 1.2 0.4 
-999
7 9.36667 0.133333 10.0009 0.933333 0.666667 
-1000
8.25 9.5 1.25 8.75 0.8 0.8 
-999
8.25 9.76667 1.27813 8.75406 0.533334 1.06667 
-999
10.75 9.76667 3.75947 6.25569 0.533334 1.06667 
-999
9.5 9.36667 2.50355 7.50118 0.933333 0.666667 
-1000
7 9.76667 0.266666 10.0036 0.533334 1.06667 
-1000
12 9.5 5 5 0.8 0.8 
-997
7 9.63333 0.133333 10.0009 0.666667 0.933333 
-997
10.75 9.63333 3.75237 6.25142 0.666667 0.933333 
-997
10.75 9.23333 3.75947 6.25569 1.06667 0.533334 
-1000
8.25 9.5 1.25 8.75 0.8 0.8 
-999
7 9.5 0 10 0.8 0.8 
-1000
8.25 9.36667 1.25709 8.75102 0.933333 0.666667 
-997
12 9.9 5.01597 5.01597 0.4 1.2 
-999
10.75 9.63333 3.75237 6.25142 0.666667 0.933333 
-999
7 9.1 0.4 10.008 1.2 0.4 
-1000
9.5 9.9 2.5318 7.51066 0.4 1.2 
-22.865
10.75 9.36667 3.75237 6.25142 0.933333 0.666667 
-1000
10.75 9.76667 3.75947 6.25569 0.533334 1.06667 
-997
10.75 9.1 3.77127 6.26279 1.2 0.4 
-14.67
8.25 9.36667 1.25709 8.75102 0.933333 0.666667 
-1000
10.75 9.9 3.77127 6.26279 0.4 1.2 
-1000
8.25 9.5 1.25 8.75 0.8 0.8 
-999
10.75 9.1 3.77127 6.26279 1.2 0.4 
-23.572
8.25 9.76667 1.27813 8.75406 0.533334 1.06667 
-999
8.25 9.5 1.25 8.75 0.8 0.8 
-1000
9.5 9.1 2.5318 7.51066 1.2 0.4 
-1000
8.25 9.63333 1.25709 8.75102 0.666667 0.933333 
-999
7 9.23333 0.266666 10.0036 1.06667 0.533334 
-1000
9.5 9.9 2.5318 7.51066 0.4 1.2 
-19.604
9.5 9.36667 2.50355 7.50118 0.933333 0.666667 
-1000
7 9.5 0 10 0.8 0.8 
-1000
8.25 9.1 1.31244 8.75914 1.2 0.4 
-34.113
12 9.23333 5.00711 5.00711 1.06667 0.533334 
-1000
7 9.9 0.4 10.008 0.4 1.2 
-1000
7 9.23333 0.266666 10.0036 1.06667 0.533334 
-1000
8.25 9.63333 1.25709 8.75102 0.666667 0.933333 
-999
7 9.36667 0.133333 10.0009 0.933333 0.666667 
-1000
7 9.76667 0.266666 10.0036 0.533334 1.06667 
-1000
7 9.36667 0.133333 10.0009 0.933333 0.666667 
-1000
7 9.23333 0.266666 10.0036 1.06667 0.533334 
-1000
9.5 9.23333 2.51418 7.50474 1.06667 0.533334 
-22.663
9.5 9.5 2.5 7.5 0.8 0.8 
-1000
8.25 9.5 1.25 8.75 0.8 0.8 
-999
9.5 9.1 2.5318 7.51066 1.2 0.4 
-19.666
8.25 9.23333 1.27813 8.75406 1.06667 0.533334 
-24.325
8.25 9.5 1.25 8.75 0.8 0.8 
-1000
8.25 9.63333 1.25709 8.75102 0.666667 0.933333 
-999
8.25 9.23333 1.27813 8.75406 1.06667 0.533334 
-24.867
9.5 9.1 2.5318 7.51066 1.2 0.4 
-20.46
12 9.76667 5.00711 5.00711 0.533334 1.06667 
-999
9.5 9.63333 2.50355 7.50118 0.666667 0.933333 
-999
7 9.9 0.4 10.008 0.4 1.2 
-1000
8.25 9.23333 1.27813 8.75406 1.06667 0.533334 
-997
9.5 9.36667 2.50355 7.50118 0.933333 0.666667 
-1000
9.5 9.63333 2.50355 7.50118 0.666667 0.933333 
-999
12 9.36667 5.00178 5.00178 0.933333 0.666667 
-1000
8.25 9.1 1.31244 8.75914 1.2 0.4 
-26.824
7 9.9 0.4 10.008 0.4 1.2 
-1000
12 9.5 5 5 0.8 0.8 
-999
10.75 9.9 3.77127 6.26279 0.4 1.2 
-18.619
10.75 9.23333 3.75947 6.25569 1.06667 0.533334 
-1000
12 9.9 5.01597 5.01597 0.4 1.2 
-1000
7 9.1 0.4 10.008 1.2 0.4 
-1000
12 9.1 5.01597 5.01597 1.2 0.4 
-1000
7 9.76667 0.266666 10.0036 0.533334 1.06667 
-1000
8.25 9.9 1.31244 8.75914 0.4 1.2 
-29.165
7 9.76667 0.266666 10.0036 0.533334 1.06667 
-1000
9.5 9.76667 2.51418 7.50474 0.533334 1.06667 
-1000
9.5 9.63333 2.50355 7.50118 0.666667 0.933333 
-997
9.5 9.76667 2.51418 7.50474 0.533334 1.06667 
-24.112
9.5 9.9 2.5318 7.51066 0.4 1.2 
-19.565
12 9.76667 5.00711 5.00711 0.533334 1.06667 
-999
7 9.23333 0.266666 10.0036 1.06667 0.533334 
-1000
12 9.36667 5.00178 5.00178 0.933333 0.666667 
-997
10.75 9.5 3.75 6.25 0.8 0.8 
-997
10.75 9.1 3.77127 6.26279 1.2 0.4 
-16.067
9.5 9.63333 2.50355 7.50118 0.666667 0.933333 
-999
7 9.23333 0.266666 10.0036 1.06667 0.533334 
-1000
8.25 9.1 1.31244 8.75914 1.2 0.4 
-26.774
12 9.63333 5.00178 5.00178 0.666667 0.933333 
-997
8.25 9.63333 1.25709 8.75102 0.666667 0.933333 
-999
7 9.36667 0.133333 10.0009 0.933333 0.666667 
-1000
7 9.5 0 10 0.8 0.8 
-997
12 9.5 5 5 0.8 0.8 
-997
9.5 9.63333 2.50355 7.50118 0.666667 0.933333 
-999
12 9.76667 5.00711 5.00711 0.533334 1.06667 
-999
10.75 9.76667 3.75947 6.25569 0.533334 1.06667 
-999
7 9.36667 0.133333 10.0009 0.933333 0.666667 
-1000
7 9.63333 0.133333 10.0009 0.666667 0.933333 
-997
10.75 9.23333 3.75947 6.25569 1.06667 0.533334 
-1000
12 9.36667 5.00178 5.00178 0.933333 0.666667 
-1000
7 9.5 0 10 0.8 0.8 
-1000
12 9.76667 5.00711 5.00711 0.533334 1.06667 
-999
8.25 9.1 1.31244 8.75914 1.2 0.4 
-25.355
12 9.63333 5.00178 5.00178 0.666667 0.933333 
-999
9.5 9.23333 2.51418 7.50474 1.06667 0.533334 
-20.266
9.5 9.9 2.5318 7.51066 0.4 1.2 
-19.958
7 9.36667 0.133333 10.0009 0.933333 0.666667 
-997
12 9.9 5.01597 5.01597 0.4 1.2 
-1000
9.5 9.23333 2.51418 7.50474 1.06667 0.533334 
-23.258
10.75 9.1 3.77127 6.26279 1.2 0.4 
-14.879
9.5 9.76667 2.51418 7.50474 0.533334 1.06667 
-999
8.25 9.9 1.31244 8.75914 0.4 1.2 
-24.623
12 9.9 5.01597 5.01597 0.4 1.2 
-18.459
10.75 9.76667 3.75947 6.25569 0.533334 1.06667 
-997
9.5 9.1 2.5318 7.51066 1.2 0.4 
-25.817
12 9.76667 5.00711 5.00711 0.533334 1.06667 
-999
8.25 9.36667 1.25709 8.75102 0.933333 0.666667 
-1000
10.75 9.9 3.77127 6.26279 0.4 1.2 
-997
7 9.76667 0.266666 10.0036 0.533334 1.06667 
-1000
7 9.9 0.4 10.008 0.4 1.2 
-997
7 9.5 0 10 0.8 0.8 
-1000
8.25 9.1 1.31244 8.75914 1.2 0.4 
-997
10.75 9.1 3.77127 6.26279 1.2 0.4 
-997
8.25 9.63333 1.25709 8.75102 0.666667 0.933333 
-997
10.75 9.63333 3.75237 6.25142 0.666667 0.933333 
-999
9.5 9.76667 2.51418 7.50474 0.533334 1.06667 
-999
7 9.36667 0.133333 10.0009 0.933333 0.666667 
-1000
10.75 9.9 3.77127 6.26279 0.4 1.2 
-997
7 9.1 0.4 10.008 1.2 0.4 
-997
10.75 9.5 3.75 6.25 0.8 0.8 
-997
12 9.9 5.01597 5.01597 0.4 1.2 
-1000
7 9.63333 0.133333 10.0009 0.666667 0.933333 
-1000
12 9.9 5.01597 5.01597 0.4 1.2 
-999
9.5 9.63333 2.50355 7.50118 0.666667 0.933333 
-999
7 9.23333 0.266666 10.0036 1.06667 0.533334 
-1000
9.5 9.1 2.5318 7.51066 1.2 0.4 
-23.463
9.5 9.23333 2.51418 7.50474 1.06667 0.533334 
-23.764
7 9.5 0 10 0.8 0.8 
-1000
8.25 9.9 1.31244 8.75914 0.4 1.2 
-997
12 9.36667 5.00178 5.00178 0.933333 0.666667 
-1000
7 9.23333 0.266666 10.0036 1.06667 0.533334 
-1001
8.25 9.36667 1.25709 8.75102 0.933333 0.666667 
-1000
9.5 9.9 2.5318 7.51066 0.4 1.2 
-21.553
7 9.1 0.4 10.008 1.2 0.4 
-35.623
7 9.23333 0.266666 10.0036 1.06667 0.533334 
-1000
7 9.1 0.4 10.008 1.2 0.4 
-997
12 9.76667 5.00711 5.00711 0.533334 1.06667 
-999
8.25 9.5 1.25 8.75 0.8 0.8 
-999
10.75 9.9 3.77127 6.26279 0.4 1.2 
-1000
7 9.5 0 10 0.8 0.8 
-1000
12 9.23333 5.00711 5.00711 1.06667 0.533334 
-997
8.25 9.23333 1.27813 8.75406 1.06667 0.533334 
-997
10.75 9.23333 3.75947 6.25569 1.06667 0.533334 
-14.776
9.5 9.23333 2.51418 7.50474 1.06667 0.533334 
-997
9.5 9.76667 2.51418 7.50474 0.533334 1.06667 
-32.071
10.75 9.5 3.75 6.25 0.8 0.8 
-1000
8.25 9.76667 1.27813 8.75406 0.533334 1.06667 
-997
10.75 9.23333 3.75947 6.25569 1.06667 0.533334 
-17.079
12 9.23333 5.00711 5.00711 1.06667 0.533334 
-27.676
8.25 9.76667 1.27813 8.75406 0.533334 1.06667 
-997
10.75 9.36667 3.75237 6.25142 0.933333 0.666667 
-1000
7 9.76667 0.266666 10.0036 0.533334 1.06667 
-1000
12 9.1 5.01597 5.01597 1.2 0.4 
-16.108
7 9.1 0.4 10.008 1.2 0.4 
-997
10.75 9.5 3.75 6.25 0.8 0.8 
-997
12 9.23333 5.00711 5.00711 1.06667 0.533334 
-997
9.5 9.1 2.5318 7.51066 1.2 0.4 
-32.417
7 9.63333 0.133333 10.0009 0.666667 0.933333 
-1000
8.25 9.36667 1.25709 8.75102 0.933333 0.666667 
-1000
7 9.76667 0.266666 10.0036 0.533334 1.06667 
-1000
8.25 9.76667 1.27813 8.75406 0.533334 1.06667 
-999
8.25 9.5 1.25 8.75 0.8 0.8 
-999
9.5 9.1 2.5318 7.51066 1.2 0.4 
-17.361
12 9.63333 5.00178 5.00178 0.666667 0.933333 
-999
10.75 9.36667 3.75237 6.25142 0.933333 0.666667 
-17.076
10.75 9.9 3.77127 6.26279 0.4 1.2 
-997
12 9.63333 5.00178 5.00178 0.666667 0.933333 
-999
10.75 9.1 3.77127 6.26279 1.2 0.4 
-18.129
9.5 9.23333 2.51418 7.50474 1.06667 0.533334 
-38.967
7 9.36667 0.133333 10.0009 0.933333 0.666667 
-1000
7 9.36667 0.133333 10.0009 0.933333 0.666667 
-1000
8.25 9.36667 1.25709 8.75102 0.933333 0.666667 
-1000
8.25 9.5 1.25 8.75 0.8 0.8 
-1000
7 9.23333 0.266666 10.0036 1.06667 0.533334 
-997
7 9.23333 0.266666 10.0036 1.06667 0.533334 
-1000
7 9.9 0.4 10.008 0.4 1.2 
-1000
10.75 9.76667 3.75947 6.25569 0.533334 1.06667 
-997
8.25 9.9 1.31244 8.75914 0.4 1.2 
-33.825
12 9.1 5.01597 5.01597 1.2 0.4 
-999
9.5 9.9 2.5318 7.51066 0.4 1.2 
-21.473
7 9.5 0 10 0.8 0.8 
-997
12 9.23333 5.00711 5.00711 1.06667 0.533334 
-13.018
10.75 9.63333 3.75237 6.25142 0.666667 0.933333 
-1000
12 9.5 5 5 0.8 0.8 
-999
12 9.23333 5.00711 5.00711 1.06667 0.533334 
-1000
10.75 9.76667 3.75947 6.25569 0.533334 1.06667 
-999
7 9.5 0 10 0.8 0.8 
-1000
9.5 9.9 2.5318 7.51066 0.4 1.2 
-25.211
12 9.5 5 5 0.8 0.8 
-999
8.25 9.76667 1.27813 8.75406 0.533334 1.06667 
-999
10.75 9.63333 3.75237 6.25142 0.666667 0.933333 
-999
9.5 9.9 2.5318 7.51066 0.4 1.2 
-20.765
7 9.1 0.4 10.008 1.2 0.4 
-997
7 9.76667 0.266666 10.0036 0.533334 1.06667 
-1000
9.5 9.5 2.5 7.5 0.8 0.8 
-997
10.75 9.36667 3.75237 6.25142 0.933333 0.666667 
-1000
8.25 9.36667 1.25709 8.75102 0.933333 0.666667 
-1000
9.5 9.23333 2.51418 7.50474 1.06667 0.533334 
-1000
8.25 9.36667 1.25709 8.75102 0.933333 0.666667 
-1000
10.75 9.5 3.75 6.25 0.8 0.8 
-1000
12 9.23333 5.00711 5.00711 1.06667 0.533334 
-1000
10.75 9.36667 3.75237 6.25142 0.933333 0.666667 
-1000
8.25 9.5 1.25 8.75 0.8 0.8 
-1000
9.5 9.36667 2.50355 7.50118 0.933333 0.666667 
-997
10.75 9.63333 3.75237 6.25142 0.666667 0.933333 
-999
8.25 9.76667 1.27813 8.75406 0.533334 1.06667 
-999
10.75 9.23333 3.75947 6.25569 1.06667 0.533334 
-1000
12 9.1 5.01597 5.01597 1.2 0.4 
-997
7 9.36667 0.133333 10.0009 0.933333 0.666667 
-1000
9.5 9.36667 2.50355 7.50118 0.933333 0.666667 
-1000
8.25 9.9 1.31244 8.75914 0.4 1.2 
-26.456
7 9.76667 0.266666 10.0036 0.533334 1.06667 
-999
10.75 9.23333 3.75947 6.25569 1.06667 0.533334 
-18.767
9.5 9.23333 2.51418 7.50474 1.06667 0.533334 
-997
7 9.36667 0.133333 10.0009 0.933333 0.666667 
-1000
9.5 9.36667 2.50355 7.50118 0.933333 0.666667 
-1000
8.25 9.1 1.31244 8.75914 1.2 0.4 
-27.767
7 9.76667 0.266666 10.0036 0.533334 1.06667 
-1000
8.25 9.9 1.31244 8.75914 0.4 1.2 
-27.617
9.5 9.23333 2.51418 7.50474 1.06667 0.533334 
-1000
12 9.23333 5.00711 5.00711 1.06667 0.533334 
-20.12
7 9.63333 0.133333 10.0009 0.666667 0.933333 
-997
7 9.1 0.4 10.008 1.2 0.4 
-1000
12 9.23333 5.00711 5.00711 1.06667 0.533334 
-18.101
10.75 9.1 3.77127 6.26279 1.2 0.4 
-28.01
9.5 9.5 2.5 7.5 0.8 0.8 
-1000
9.5 9.5 2.5 7.5 0.8 0.8 
-1000
12 9.36667 5.00178 5.00178 0.933333 0.666667 
-1000
8.25 9.36667 1.25709 8.75102 0.933333 0.666667 
-1000
7 9.63333 0.133333 10.0009 0.666667 0.933333 
-997
12 9.63333 5.00178 5.00178 0.666667 0.933333 
-999
9.5 9.23333 2.51418 7.50474 1.06667 0.533334 
-1000
7 9.63333 0.133333 10.0009 0.666667 0.933333 
-1000
8.25 9.1 1.31244 8.75914 1.2 0.4 
-29.022
12 9.5 5 5 0.8 0.8 
-1000
12 9.23333 5.00711 5.00711 1.06667 0.533334 
-999
9.5 9.76667 2.51418 7.50474 0.533334 1.06667 
-23.165
9.5 9.76667 2.51418 7.50474 0.533334 1.06667 
-999
10.75 9.23333 3.75947 6.25569 1.06667 0.533334 
-1000
10.75 9.23333 3.75947 6.25569 1.06667 0.533334 
-997
8.25 9.76667 1.27813 8.75406 0.533334 1.06667 
-999
8.25 9.76667 1.27813 8.75406 0.533334 1.06667 
-999
7 9.63333 0.133333 10.0009 0.666667 0.933333 
-1000
12 9.9 5.01597 5.01597 0.4 1.2 
-1000
7 9.76667 0.266666 10.0036 0.533334 1.06667 
-997
9.5 9.63333 2.50355 7.50118 0.666667 0.933333 
-999
10.75 9.9 3.77127 6.26279 0.4 1.2 
-23.213
8.25 9.76667 1.27813 8.75406 0.533334 1.06667 
-999
10.75 9.36667 3.75237 6.25142 0.933333 0.666667 
-1000
7 9.76667 0.266666 10.0036 0.533334 1.06667 
-1000
7 9.63333 0.133333 10.0009 0.666667 0.933333 
-999
12 9.36667 5.00178 5.00178 0.933333 0.666667 
-1000
10.75 9.1 3.77127 6.26279 1.2 0.4 
-18.324
9.5 9.36667 2.50355 7.50118 0.933333 0.666667 
-997
10.75 9.5 3.75 6.25 0.8 0.8 
-997
8.25 9.1 1.31244 8.75914 1.2 0.4 
-997
8.25 9.5 1.25 8.75 0.8 0.8 
-999
9.5 9.76667 2.51418 7.50474 0.533334 1.06667 
-999
7 9.5 0 10 0.8 0.8 
-1000
12 9.63333 5.00178 5.00178 0.666667 0.933333 
-997
10.75 9.36667 3.75237 6.25142 0.933333 0.666667 
-1000
8.25 9.76667 1.27813 8.75406 0.533334 1.06667 
-999
8.25 9.76667 1.27813 8.75406 0.533334 1.06667 
-999
10.75 9.9 3.77127 6.26279 0.4 1.2 
-17.46
9.5 9.76667 2.51418 7.50474 0.533334 1.06667 
-23.166
8.25 9.36667 1.25709 8.75102 0.933333 0.666667 
-1000
12 9.9 5.01597 5.01597 0.4 1.2 
-999
9.5 9.36667 2.50355 7.50118 0.933333 0.666667 
-21.804
7 9.76667 0.266666 10.0036 0.533334 1.06667 
-1000
12 9.76667 5.00711 5.00711 0.533334 1.06667 
-999
7 9.5 0 10 0.8 0.8 
-1000
9.5 9.5 2.5 7.5 0.8 0.8 
-1000
8.25 9.63333 1.25709 8.75102 0.666667 0.933333 
-999
9.5 9.76667 2.51418 7.50474 0.533334 1.06667 
-999
12 9.1 5.01597 5.01597 1.2 0.4 
-999
12 9.1 5.01597 5.01597 1.2 0.4 
-999
7 9.5 0 10 0.8 0.8 
-1000
12 9.63333 5.00178 5.00178 0.666667 0.933333 
-997
7 9.76667 0.266666 10.0036 0.533334 1.06667 
-1000
7 9.5 0 10 0.8 0.8 
-1000
9.5 9.1 2.5318 7.51066 1.2 0.4 
-1000
10.75 9.1 3.77127 6.26279 1.2 0.4 
-14.17
12 9.76667 5.00711 5.00711 0.533334 1.06667 
-999
7 9.23333 0.266666 10.0036 1.06667 0.533334 
-1000
7 9.36667 0.133333 10.0009 0.933333 0.666667 
-997
7 9.1 0.4 10.008 1.2 0.4 
-1000
8.25 9.23333 1.27813 8.75406 1.06667 0.533334 
-25.786
10.75 9.5 3.75 6.25 0.8 0.8 
-1000
9.5 9.76667 2.51418 7.50474 0.533334 1.06667 
-999
10.75 9.36667 3.75237 6.25142 0.933333 0.666667 
-1000
10.75 9.1 3.77127 6.26279 1.2 0.4 
-997
9.5 9.76667 2.51418 7.50474 0.533334 1.06667 
-999
7 9.1 0.4 10.008 1.2 0.4 
-31.167
8.25 9.63333 1.25709 8.75102 0.666667 0.933333 
-999
10.75 9.36667 3.75237 6.25142 0.933333 0.666667 
-1000
12 9.63333 5.00178 5.00178 0.666667 0.933333 
-997
12 9.63333 5.00178 5.00178 0.666667 0.933333 
-1000
10.75 9.23333 3.75947 6.25569 1.06667 0.533334 
-33.234
8.25 9.9 1.31244 8.75914 0.4 1.2 
-997
7 9.36667 0.133333 10.0009 0.933333 0.666667 
-1000
12 9.76667 5.00711 5.00711 0.533334 1.06667 
-999
12 9.1 5.01597 5.01597 1.2 0.4 
-1000
12 9.5 5 5 0.8 0.8 
-999
10.75 9.1 3.77127 6.26279 1.2 0.4 
-17.475
8.25 9.76667 1.27813 8.75406 0.533334 1.06667 
-997
10.75 9.5 3.75 6.25 0.8 0.8 
-1000
9.5 9.1 2.5318 7.51066 1.2 0.4 
-19.272
9.5 9.23333 2.51418 7.50474 1.06667 0.533334 
-997
12 9.76667 5.00711 5.00711 0.533334 1.06667 
-999
12 9.5 5 5 0.8 0.8 
-999
12 9.5 5 5 0.8 0.8 
-999
8.25 9.76667 1.27813 8.75406 0.533334 1.06667 
-999
9.5 9.5 2.5 7.5 0.8 0.8 
-1000
12 9.23333 5.00711 5.00711 1.06667 0.533334 
-12.369
10.75 9.63333 3.75237 6.25142 0.666667 0.933333 
-999
12 9.5 5 5 0.8 0.8 
-1000
7 9.9 0.4 10.008 0.4 1.2 
-1000
12 9.9 5.01597 5.01597 0.4 1.2 
-1000
12 9.63333 5.00178 5.00178 0.666667 0.933333 
-999
10.75 9.63333 3.75237 6.25142 0.666667 0.933333 
-999
12 9.9 5.01597 5.01597 0.4 1.2 
-999
9.5 9.76667 2.51418 7.50474 0.533334 1.06667 
-21.009
10.75 9.1 3.77127 6.26279 1.2 0.4 
-16.605
8.25 9.76667 1.27813 8.75406 0.533334 1.06667 
-999
8.25 9.1 1.31244 8.75914 1.2 0.4 
-32.363
8.25 9.5 1.25 8.75 0.8 0.8 
-1000
10.75 9.1 3.77127 6.26279 1.2 0.4 
-997
7 9.63333 0.133333 10.0009 0.666667 0.933333 
-1000
8.25 9.36667 1.25709 8.75102 0.933333 0.666667 
-1000
12 9.9 5.01597 5.01597 0.4 1.2 
-999
7 9.9 0.4 10.008 0.4 1.2 
-1000
9.5 9.76667 2.51418 7.50474 0.533334 1.06667 
-997
7 9.63333 0.133333 10.0009 0.666667 0.933333 
-1001
7 9.36667 0.133333 10.0009 0.933333 0.666667 
-1000
7 9.76667 0.266666 10.0036 0.533334 1.06667 
-997
9.5 9.36667 2.50355 7.50118 0.933333 0.666667 
-1000
7 9.5 0 10 0.8 0.8 
-997
9.5 9.76667 2.51418 7.50474 0.533334 1.06667 
-1000
8.25 9.36667 1.25709 8.75102 0.933333 0.666667 
-997
7 9.23333 0.266666 10.0036 1.06667 0.533334 
-1000
9.5 9.23333 2.51418 7.50474 1.06667 0.533334 
-20.412
9.5 9.5 2.5 7.5 0.8 0.8 
-1000
10.75 9.63333 3.75237 6.25142 0.666667 0.933333 
-999
8.25 9.36667 1.25709 8.75102 0.933333 0.666667 
-1000
8.25 9.63333 1.25709 8.75102 0.666667 0.933333 
-999
9.5 9.36667 2.50355 7.50118 0.933333 0.666667 
-1000
9.5 9.5 2.5 7.5 0.8 0.8 
-1000
12 9.36667 5.00178 5.00178 0.933333 0.666667 
-1000
10.75 9.9 3.77127 6.26279 0.4 1.2 
-21.75
9.5 9.23333 2.51418 7.50474 1.06667 0.533334 
-24.568
12 9.63333 5.00178 5.00178 0.666667 0.933333 
-999
7 9.5 0 10 0.8 0.8 
-1000
12 9.9 5.01597 5.01597 0.4 1.2 
-1000
9.5 9.76667 2.51418 7.50474 0.533334 1.06667 
-1000
10.75 9.9 3.77127 6.26279 0.4 1.2 
-1000
9.5 9.63333 2.50355 7.50118 0.666667 0.933333 
-999
7 9.9 0.4 10.008 0.4 1.2 
-1000
8.25 9.9 1.31244 8.75914 0.4 1.2 
-1000
10.75 9.23333 3.75947 6.25569 1.06667 0.533334 
-1000
10.75 9.9 3.77127 6.26279 0.4 1.2 
-997
10.75 9.5 3.75 6.25 0.8 0.8 
-1000
12 9.1 5.01597 5.01597 1.2 0.4 
-999
8.25 9.76667 1.27813 8.75406 0.533334 1.06667 
-999
12 9.1 5.01597 5.01597 1.2 0.4 
-12.371
8.25 9.1 1.31244 8.75914 1.2 0.4 
-26.766
9.5 9.5 2.5 7.5 0.8 0.8 
-1000
10.75 9.23333 3.75947 6.25569 1.06667 0.533334 
-1000
10.75 9.23333 3.75947 6.25569 1.06667 0.533334 
-15.008
7 9.36667 0.133333 10.0009 0.933333 0.666667 
-997
8.25 9.23333 1.27813 8.75406 1.06667 0.533334 
-997
10.75 9.36667 3.75237 6.25142 0.933333 0.666667 
-1000
12 9.23333 5.00711 5.00711 1.06667 0.533334 
-997
10.75 9.63333 3.75237 6.25142 0.666667 0.933333 
-999
10.75 9.63333 3.75237 6.25142 0.666667 0.933333 
-999
7 9.63333 0.133333 10.0009 0.666667 0.933333 
-1000
8.25 9.9 1.31244 8.75914 0.4 1.2 
-26.712
7 9.9 0.4 10.008 0.4 1.2 
-1000
10.75 9.1 3.77127 6.26279 1.2 0.4 
-17.059
8.25 9.23333 1.27813 8.75406 1.06667 0.533334 
-25.555
12 9.76667 5.00711 5.00711 0.533334 1.06667 
-999
7 9.23333 0.266666 10.0036 1.06667 0.533334 
-1000
7 9.9 0.4 10.008 0.4 1.2 
-997
9.5 9.1 2.5318 7.51066 1.2 0.4 
-29.828
8.25 9.76667 1.27813 8.75406 0.533334 1.06667 
-999
10.75 9.63333 3.75237 6.25142 0.666667 0.933333 
-999
7 9.9 0.4 10.008 0.4 1.2 
-1000
12 9.36667 5.00178 5.00178 0.933333 0.666667 
-1000
8.25 9.23333 1.27813 8.75406 1.06667 0.533334 
-28.216
9.5 9.9 2.5318 7.51066 0.4 1.2 
-20.916
12 9.23333 5.00711 5.00711 1.06667 0.533334 
-30.164
7 9.1 0.4 10.008 1.2 0.4 
-1000
8.25 9.36667 1.25709 8.75102 0.933333 0.666667 
-997
10.75 9.23333 3.75947 6.25569 1.06667 0.533334 
-1000
8.25 9.76667 1.27813 8.75406 0.533334 1.06667 
-997
7 9.5 0 10 0.8 0.8 
-1000
7 9.9 0.4 10.008 0.4 1.2 
-997
8.25 9.1 1.31244 8.75914 1.2 0.4 
-27.322
7 9.36667 0.133333 10.0009 0.933333 0.666667 
-1000
12 9.1 5.01597 5.01597 1.2 0.4 
-12.822
10.75 9.1 3.77127 6.26279 1.2 0.4 
-20.974
8.25 9.5 1.25 8.75 0.8 0.8 
-997
12 9.1 5.01597 5.01597 1.2 0.4 
-997
9.5 9.23333 2.51418 7.50474 1.06667 0.533334 
-1000
7 9.1 0.4 10.008 1.2 0.4 
-1000
9.5 9.76667 2.51418 7.50474 0.533334 1.06667 
-1000
12 9.5 5 5 0.8 0.8 
-999
8.25 9.9 1.31244 8.75914 0.4 1.2 
-24.556
7 9.36667 0.133333 10.0009 0.933333 0.666667 
-1000
12 9.36667 5.00178 5.00178 0.933333 0.666667 
-997
10.75 9.23333 3.75947 6.25569 1.06667 0.533334 
-1000
8.25 9.9 1.31244 8.75914 0.4 1.2 
-997
8.25 9.23333 1.27813 8.75406 1.06667 0.533334 
-23.428
7 9.76667 0.266666 10.0036 0.533334 1.06667 
-1000
10.75 9.9 3.77127 6.26279 0.4 1.2 
-1000
10.75 9.1 3.77127 6.26279 1.2 0.4 
-18.117
12 9.36667 5.00178 5.00178 0.933333 0.666667 
-33.415
12 9.76667 5.00711 5.00711 0.533334 1.06667 
-997
12 9.1 5.01597 5.01597 1.2 0.4 
-1000
9.5 9.23333 2.51418 7.50474 1.06667 0.533334 
-997
12 9.36667 5.00178 5.00178 0.933333 0.666667 
-997
10.75 9.36667 3.75237 6.25142 0.933333 0.666667 
-1000
9.5 9.23333 2.51418 7.50474 1.06667 0.533334 
-997
9.5 9.5 2.5 7.5 0.8 0.8 
-1000
10.75 9.23333 3.75947 6.25569 1.06667 0.533334 
-1000
7 9.76667 0.266666 10.0036 0.533334 1.06667 
-997
12 9.63333 5.00178 5.00178 0.666667 0.933333 
-999
7 9.9 0.4 10.008 0.4 1.2 
-1000
10.75 9.5 3.75 6.25 0.8 0.8 
-997
12 9.9 5.01597 5.01597 0.4 1.2 
-1000
8.25 9.63333 1.25709 8.75102 0.666667 0.933333 
-999
8.25 9.5 1.25 8.75 0.8 0.8 
-1000
8.25 9.36667 1.25709 8.75102 0.933333 0.666667 
-997
9.5 9.5 2.5 7.5 0.8 0.8 
-1000
10.75 9.63333 3.75237 6.25142 0.666667 0.933333 
-999
8.25 9.36667 1.25709 8.75102 0.933333 0.666667 
-1000
7 9.23333 0.266666 10.0036 1.06667 0.533334 
-1000
12 9.9 5.01597 5.01597 0.4 1.2 
-1000
12 9.9 5.01597 5.01597 0.4 1.2 
-999
9.5 9.23333 2.51418 7.50474 1.06667 0.533334 
-1000
12 9.23333 5.00711 5.00711 1.06667 0.533334 
-18.824
12 9.76667 5.00711 5.00711 0.533334 1.06667 
-999
12 9.1 5.01597 5.01597 1.2 0.4 
-999
7 9.36667 0.133333 10.0009 0.933333 0.666667 
-1000
7 9.5 0 10 0.8 0.8 
-1000
12 9.63333 5.00178 5.00178 0.666667 0.933333 
-997
7 9.1 0.4 10.008 1.2 0.4 
-1000
8.25 9.5 1.25 8.75 0.8 0.8 
-997
8.25 9.23333 1.27813 8.75406 1.06667 0.533334 
-28.809
12 9.23333 5.00711 5.00711 1.06667 0.533334 
-997
10.75 9.63333 3.75237 6.25142 0.666667 0.933333 
-999
7 9.5 0 10 0.8 0.8 
-1000
12 9.23333 5.00711 5.00711 1.06667 0.533334 
-999
9.5 9.63333 2.50355 7.50118 0.666667 0.933333 
-999
9.5 9.9 2.5318 7.51066 0.4 1.2 
-21.016
12 9.1 5.01597 5.01597 1.2 0.4 
-999
7 9.1 0.4 10.008 1.2 0.4 
-1000
9.5 9.5 2.5 7.5 0.8 0.8 
-1000
8.25 9.63333 1.25709 8.75102 0.666667 0.933333 
-999
10.75 9.5 3.75 6.25 0.8 0.8 
-1000
9.5 9.36667 2.50355 7.50118 0.933333 0.666667 
-997
10.75 9.36667 3.75237 6.25142 0.933333 0.666667 
-1000
12 9.9 5.01597 5.01597 0.4 1.2 
-999
7 9.36667 0.133333 10.0009 0.933333 0.666667 
-1000
7 9.76667 0.266666 10.0036 0.533334 1.06667 
-1000
7 9.23333 0.266666 10.0036 1.06667 0.533334 
-997
10.75 9.36667 3.75237 6.25142 0.933333 0.666667 
-1000
9.5 9.63333 2.50355 7.50118 0.666667 0.933333 
-997
7 9.1 0.4 10.008 1.2 0.4 
-1000
10.75 9.36667 3.75237 6.25142 0.933333 0.666667 
-1000
8.25 9.5 1.25 8.75 0.8 0.8 
-997
12 9.23333 5.00711 5.00711 1.06667 0.533334 
-1000
10.75 9.1 3.77127 6.26279 1.2 0.4 
-17.766
7 9.63333 0.133333 10.0009 0.666667 0.933333 
-1000
12 9.63333 5.00178 5.00178 0.666667 0.933333 
-999
7 9.36667 0.133333 10.0009 0.933333 0.666667 
-1000
8.25 9.9 1.31244 8.75914 0.4 1.2 
-32.661
12 9.63333 5.00178 5.00178 0.666667 0.933333 
-999
8.25 9.76667 1.27813 8.75406 0.533334 1.06667 
-999
10.75 9.1 3.77127 6.26279 1.2 0.4 
-18.373
7 9.5 0 10 0.8 0.8 
-1000
7 9.5 0 10 0.8 0.8 
-1000
10.75 9.63333 3.75237 6.25142 0.666667 0.933333 
-997
8.25 9.36667 1.25709 8.75102 0.933333 0.666667 
-24.828
10.75 9.1 3.77127 6.26279 1.2 0.4 
-997
10.75 9.23333 3.75947 6.25569 1.06667 0.533334 
-36.609
9.5 9.23333 2.51418 7.50474 1.06667 0.533334 
-997
12 9.76667 5.00711 5.00711 0.533334 1.06667 
-999
7 9.76667 0.266666 10.0036 0.533334 1.06667 
-1000
10.75 9.76667 3.75947 6.25569 0.533334 1.06667 
-1000
10.75 9.23333 3.75947 6.25569 1.06667 0.533334 
-1000
12 9.76667 5.00711 5.00711 0.533334 1.06667 
-999
10.75 9.76667 3.75947 6.25569 0.533334 1.06667 
-999
10.75 9.1 3.77127 6.26279 1.2 0.4 
-14.957
7 9.23333 0.266666 10.0036 1.06667 0.533334 
-997
8.25 9.23333 1.27813 8.75406 1.06667 0.533334 
-25.526
12 9.9 5.01597 5.01597 0.4 1.2 
-999
10.75 9.5 3.75 6.25 0.8 0.8 
-1000
7 9.5 0 10 0.8 0.8 
-1000
7 9.1 0.4 10.008 1.2 0.4 
-997
10.75 9.5 3.75 6.25 0.8 0.8 
-997
9.5 9.1 2.5318 7.51066 1.2 0.4 
-18.155
12 9.23333 5.00711 5.00711 1.06667 0.533334 
-14.571
10.75 9.36667 3.75237 6.25142 0.933333 0.666667 
-1000
12 9.36667 5.00178 5.00178 0.933333 0.666667 
-997
7 9.5 0 10 0.8 0.8 
-1000
10.75 9.63333 3.75237 6.25142 0.666667 0.933333 
-999
8.25 9.23333 1.27813 8.75406 1.06667 0.533334 
-28.472
8.25 9.9 1.31244 8.75914 0.4 1.2 
-38.519
7 9.36667 0.133333 10.0009 0.933333 0.666667 
-1000
12 9.36667 5.00178 5.00178 0.933333 0.666667 
-1000
9.5 9.36667 2.50355 7.50118 0.933333 0.666667 
-1000
9.5 9.5 2.5 7.5 0.8 0.8 
-1000
12 9.63333 5.00178 5.00178 0.666667 0.933333 
-999
10.75 9.76667 3.75947 6.25569 0.533334 1.06667 
-1000
9.5 9.23333 2.51418 7.50474 1.06667 0.533334 
-28.018
9.5 9.76667 2.51418 7.50474 0.533334 1.06667 
-1000
9.5 9.63333 2.50355 7.50118 0.666667 0.933333 
-999
8.25 9.9 1.31244 8.75914 0.4 1.2 
-1000
7 9.23333 0.266666 10.0036 1.06667 0.533334 
-1000
8.25 9.36667 1.25709 8.75102 0.933333 0.666667 
-1000
7 9.1 0.4 10.008 1.2 0.4 
-1000
7 9.1 0.4 10.008 1.2 0.4 
-1000
8.25 9.9 1.31244 8.75914 0.4 1.2 
-32.159
12 9.76667 5.00711 5.00711 0.533334 1.06667 
-1000
8.25 9.9 1.31244 8.75914 0.4 1.2 
-24.962
10.75 9.1 3.77127 6.26279 1.2 0.4 
-1000
8.25 9.5 1.25 8.75 0.8 0.8 
-1000
9.5 9.1 2.5318 7.51066 1.2 0.4 
-19.516
10.75 9.63333 3.75237 6.25142 0.666667 0.933333 
-999
8.25 9.5 1.25 8.75 0.8 0.8 
-999
7 9.63333 0.133333 10.0009 0.666667 0.933333 
-1000
9.5 9.36667 2.50355 7.50118 0.933333 0.666667 
-1000
9.5 9.36667 2.50355 7.50118 0.933333 0.666667 
-1000
7 9.63333 0.133333 10.0009 0.666667 0.933333 
-997
8.25 9.63333 1.25709 8.75102 0.666667 0.933333 
-999
12 9.63333 5.00178 5.00178 0.666667 0.933333 
-999
12 9.23333 5.00711 5.00711 1.06667 0.533334 
-19.167
9.5 9.76667 2.51418 7.50474 0.533334 1.06667 
-39.762
8.25 9.5 1.25 8.75 0.8 0.8 
-1000
8.25 9.23333 1.27813 8.75406 1.06667 0.533334 
-997
10.75 9.76667 3.75947 6.25569 0.533334 1.06667 
-999
10.75 9.76667 3.75947 6.25569 0.533334 1.06667 
-1000
10.75 9.76667 3.75947 6.25569 0.533334 1.06667 
-1000
10.75 9.36667 3.75237 6.25142 0.933333 0.666667 
-1000
12 9.23333 5.00711 5.00711 1.06667 0.533334 
-14.16
7 9.9 0.4 10.008 0.4 1.2 
-1000
9.5 9.9 2.5318 7.51066 0.4 1.2 
-25.229
8.25 9.76667 1.27813 8.75406 0.533334 1.06667 
-999
9.5 9.9 2.5318 7.51066 0.4 1.2 
-1000
10.75 9.1 3.77127 6.26279 1.2 0.4 
-997
12 9.9 5.01597 5.01597 0.4 1.2 
-999
12 9.63333 5.00178 5.00178 0.666667 0.933333 
-999
10.75 9.1 3.77127 6.26279 1.2 0.4 
-14.52
10.75 9.5 3.75 6.25 0.8 0.8 
-997
8.25 9.23333 1.27813 8.75406 1.06667 0.533334 
-997
8.25 9.63333 1.25709 8.75102 0.666667 0.933333 
-999
8.25 9.5 1.25 8.75 0.8 0.8 
-999
9.5 9.63333 2.50355 7.50118 0.666667 0.933333 
-999
10.75 9.76667 3.75947 6.25569 0.533334 1.06667 
-999
8.25 9.76667 1.27813 8.75406 0.533334 1.06667 
-999
7 9.76667 0.266666 10.0036 0.533334 1.06667 
-1000
8.25 9.1 1.31244 8.75914 1.2 0.4 
-30.516
12 9.1 5.01597 5.01597 1.2 0.4 
-1000
10.75 9.1 3.77127 6.26279 1.2 0.4 
-17.515
8.25 9.63333 1.25709 8.75102 0.666667 0.933333 
-997
7 9.63333 0.133333 10.0009 0.666667 0.933333 
-1000
9.5 9.63333 2.50355 7.50118 0.666667 0.933333 
-999
7 9.76667 0.266666 10.0036 0.533334 1.06667 
-1000
7 9.23333 0.266666 10.0036 1.06667 0.533334 
-1000
7 9.76667 0.266666 10.0036 0.533334 1.06667 
-997
8.25 9.9 1.31244 8.75914 0.4 1.2 
-997
10.75 9.9 3.77127 6.26279 0.4 1.2 
-1000
12 9.63333 5.00178 5.00178 0.666667 0.933333 
-999
9.5 9.36667 2.50355 7.50118 0.933333 0.666667 
-1000
12 9.1 5.01597 5.01597 1.2 0.4 
-999
7 9.5 0 10 0.8 0.8 
-1000
10.75 9.36667 3.75237 6.25142 0.933333 0.666667 
-23.226
8.25 9.9 1.31244 8.75914 0.4 1.2 
-997
12 9.1 5.01597 5.01597 1.2 0.4 
-20.371
9.5 9.9 2.5318 7.51066 0.4 1.2 
-20.814
12 9.9 5.01597 5.01597 0.4 1.2 
-999
7 9.63333 0.133333 10.0009 0.666667 0.933333 
-1000
9.5 9.5 2.5 7.5 0.8 0.8 
-1000
12 9.76667 5.00711 5.00711 0.533334 1.06667 
-997
12 9.1 5.01597 5.01597 1.2 0.4 
-999
7 9.36667 0.133333 10.0009 0.933333 0.666667 
-1000
8.25 9.36667 1.25709 8.75102 0.933333 0.666667 
-1000
9.5 9.23333 2.51418 7.50474 1.06667 0.533334 
-997
9.5 9.9 2.5318 7.51066 0.4 1.2 
-21.932
8.25 9.76667 1.27813 8.75406 0.533334 1.06667 
-997
7 9.76667 0.266666 10.0036 0.533334 1.06667 
-1000
10.75 9.63333 3.75237 6.25142 0.666667 0.933333 
-997
9.5 9.76667 2.51418 7.50474 0.533334 1.06667 
-999
12 9.76667 5.00711 5.00711 0.533334 1.06667 
-999
10.75 9.5 3.75 6.25 0.8 0.8 
-1000
12 9.36667 5.00178 5.00178 0.933333 0.666667 
-1000
9.5 9.23333 2.51418 7.50474 1.06667 0.533334 
-1000
9.5 9.76667 2.51418 7.50474 0.533334 1.06667 
-1000
8.25 9.76667 1.27813 8.75406 0.533334 1.06667 
-997
12 9.1 5.01597 5.01597 1.2 0.4 
-13.123
10.75 9.63333 3.75237 6.25142 0.666667 0.933333 
-999
7 9.5 0 10 0.8 0.8 
-1000
9.5 9.9 2.5318 7.51066 0.4 1.2 
-22.17
10.75 9.23333 3.75947 6.25569 1.06667 0.533334 
-1001
9.5 9.76667 2.51418 7.50474 0.533334 1.06667 
-1000
10.75 9.63333 3.75237 6.25142 0.666667 0.933333 
-999
7 9.36667 0.133333 10.0009 0.933333 0.666667 
-1000
9.5 9.76667 2.51418 7.50474 0.533334 1.06667 
-999
7 9.5 0 10 0.8 0.8 
-1000
8.25 9.1 1.31244 8.75914 1.2 0.4 
-27.518
7 9.63333 0.133333 10.0009 0.666667 0.933333 
-1000
7 9.5 0 10 0.8 0.8 
-997
8.25 9.63333 1.25709 8.75102 0.666667 0.933333 
-999
12 9.9 5.01597 5.01597 0.4 1.2 
-999
8.25 9.9 1.31244 8.75914 0.4 1.2 
-24.537
9.5 9.36667 2.50355 7.50118 0.933333 0.666667 
-1000
8.25 9.9 1.31244 8.75914 0.4 1.2 
-34.575
10.75 9.23333 3.75947 6.25569 1.06667 0.533334 
-21.974
8.25 9.36667 1.25709 8.75102 0.933333 0.666667 
-1000
12 9.9 5.01597 5.01597 0.4 1.2 
-1000
8.25 9.76667 1.27813 8.75406 0.533334 1.06667 
-999
9.5 9.1 2.5318 7.51066 1.2 0.4 
-19.858
7 9.23333 0.266666 10.0036 1.06667 0.533334 
-1000
12 9.5 5 5 0.8 0.8 
-999
10.75 9.5 3.75 6.25 0.8 0.8 
-1000
10.75 9.63333 3.75237 6.25142 0.666667 0.933333 
-999
7 9.63333 0.133333 10.0009 0.666667 0.933333 
-1000
9.5 9.36667 2.50355 7.50118 0.933333 0.666667 
-1000
8.25 9.5 1.25 8.75 0.8 0.8 
-997
9.5 9.36667 2.50355 7.50118 0.933333 0.666667 
-1000
8.25 9.36667 1.25709 8.75102 0.933333 0.666667 
-25.252
8.25 9.76667 1.27813 8.75406 0.533334 1.06667 
-1000
12 9.5 5 5 0.8 0.8 
-997
8.25 9.1 1.31244 8.75914 1.2 0.4 
-24.817
8.25 9.63333 1.25709 8.75102 0.666667 0.933333 
-999
12 9.1 5.01597 5.01597 1.2 0.4 
-1000
12 9.63333 5.00178 5.00178 0.666667 0.933333 
-999
8.25 9.9 1.31244 8.75914 0.4 1.2 
-1000
8.25 9.76667 1.27813 8.75406 0.533334 1.06667 
-999
7 9.23333 0.266666 10.0036 1.06667 0.533334 
-1000
12 9.76667 5.00711 5.00711 0.533334 1.06667 
-999
12 9.23333 5.00711 5.00711 1.06667 0.533334 
-1000
9.5 9.36667 2.50355 7.50118 0.933333 0.666667 
-1000
8.25 9.36667 1.25709 8.75102 0.933333 0.666667 
-997
12 9.1 5.01597 5.01597 1.2 0.4 
-23.867
12 9.23333 5.00711 5.00711 1.06667 0.533334 
-1000
7 9.5 0 10 0.8 0.8 
-1000
7 9.9 0.4 10.008 0.4 1.2 
-1000
7 10 0.5 10.0125 0.3 1.3 
-1000
8.25 10 1.34629 8.76427 0.3 1.3 
-41.417
7 10 0.5 10.0125 0.3 1.3 
-1001
8.25 10 1.34629 8.76427 0.3 1.3 
-31.422
12 10 5.02494 5.02494 0.3 1.3 
-999
9.5 10 2.54951 7.51665 0.3 1.3 
-1000
9.5 10 2.54951 7.51665 0.3 1.3 
-997
12 10 5.02494 5.02494 0.3 1.3 
-997
9.5 10 2.54951 7.51665 0.3 1.3 
-1000
12 10 5.02494 5.02494 0.3 1.3 
-999
12 10 5.02494 5.02494 0.3 1.3 
-999
8.25 10 1.34629 8.76427 0.3 1.3 
-1001
7 10 0.5 10.0125 0.3 1.3 
-997
8.25 10 1.34629 8.76427 0.3 1.3 
-997
8.25 10 1.34629 8.76427 0.3 1.3 
-1001
10.75 10 3.78319 6.26997 0.3 1.3 
-997
9.5 10 2.54951 7.51665 0.3 1.3 
-1000
12 10 5.02494 5.02494 0.3 1.3 
-997
10.75 10 3.78319 6.26997 0.3 1.3 
-1000
10.75 10 3.78319 6.26997 0.3 1.3 
-1000
9.5 10 2.54951 7.51665 0.3 1.3 
-1000
12 10 5.02494 5.02494 0.3 1.3 
-999
8.25 10 1.34629 8.76427 0.3 1.3 
-24.265
8.25 10 1.34629 8.76427 0.3 1.3 
-1001
7 10 0.5 10.0125 0.3 1.3 
-997
7 10 0.5 10.0125 0.3 1.3 
-1001
8.25 10 1.34629 8.76427 0.3 1.3 
-997
7 10 0.5 10.0125 0.3 1.3 
-1001
9.5 10 2.54951 7.51665 0.3 1.3 
-997
7 10 0.5 10.0125 0.3 1.3 
-997
10.75 10 3.78319 6.26997 0.3 1.3 
-17.922
9.5 10 2.54951 7.51665 0.3 1.3 
-29.959
8.25 10 1.34629 8.76427 0.3 1.3 
-21.915
7 10 0.5 10.0125 0.3 1.3 
-997
8.25 10 1.34629 8.76427 0.3 1.3 
-22.908
7 10 0.5 10.0125 0.3 1.3 
-1000
9.5 10 2.54951 7.51665 0.3 1.3 
-23.77
10.75 10 3.78319 6.26997 0.3 1.3 
-21.622
9.5 10 2.54951 7.51665 0.3 1.3 
-29.216
8.25 10 1.34629 8.76427 0.3 1.3 
-26.224
10.75 10 3.78319 6.26997 0.3 1.3 
-26.864
8.25 10 1.34629 8.76427 0.3 1.3 
-1001
12 10 5.02494 5.02494 0.3 1.3 
-1001
10.75 10 3.78319 6.26997 0.3 1.3 
-19.765
12 10 5.02494 5.02494 0.3 1.3 
-999
7 10 0.5 10.0125 0.3 1.3 
-1000
8.25 10 1.34629 8.76427 0.3 1.3 
-997
10.75 10 3.78319 6.26997 0.3 1.3 
-997
12 10 5.02494 5.02494 0.3 1.3 
-999
8.25 10 1.34629 8.76427 0.3 1.3 
-25.013
8.25 10 1.34629 8.76427 0.3 1.3 
-27.46
10.75 10 3.78319 6.26997 0.3 1.3 
-20.563
9.5 10 2.54951 7.51665 0.3 1.3 
-1001
12 10 5.02494 5.02494 0.3 1.3 
-999
8.25 10 1.34629 8.76427 0.3 1.3 
-33.097
7 10 0.5 10.0125 0.3 1.3 
-1000
12 10 5.02494 5.02494 0.3 1.3 
-999
10.75 10 3.78319 6.26997 0.3 1.3 
-1000
7 10 0.5 10.0125 0.3 1.3 
-1000
8.25 10 1.34629 8.76427 0.3 1.3 
-42.02
7 10 0.5 10.0125 0.3 1.3 
-1000
10.75 10 3.78319 6.26997 0.3 1.3 
-22.12
8.25 10 1.34629 8.76427 0.3 1.3 
-26.53
12 10 5.02494 5.02494 0.3 1.3 
-999
10.75 10 3.78319 6.26997 0.3 1.3 
-19.569
9.5 10 2.54951 7.51665 0.3 1.3 
-26.208
8.25 10 1.34629 8.76427 0.3 1.3 
-25.01
9.5 10 2.54951 7.51665 0.3 1.3 
-25.974
7 10 0.5 10.0125 0.3 1.3 
-997
10.75 10 3.78319 6.26997 0.3 1.3 
-27.323
8.25 10 1.34629 8.76427 0.3 1.3 
-28.875
7 10 0.5 10.0125 0.3 1.3 
-1000
9.5 10 2.54951 7.51665 0.3 1.3 
-1000
7 10 0.5 10.0125 0.3 1.3 
-997
10.75 10 3.78319 6.26997 0.3 1.3 
-1000
10.75 10 3.78319 6.26997 0.3 1.3 
-24.87
8.25 10 1.34629 8.76427 0.3 1.3 
-24.361
8.25 10 1.34629 8.76427 0.3 1.3 
-22.273
9.5 10 2.54951 7.51665 0.3 1.3 
-27.671
9.5 10 2.54951 7.51665 0.3 1.3 
-23.621
9.5 10 2.54951 7.51665 0.3 1.3 
-23.565
7 10 0.5 10.0125 0.3 1.3 
-1000
8.25 10 1.34629 8.76427 0.3 1.3 
-23.977
7 10 0.5 10.0125 0.3 1.3 
-1000
7 10 0.5 10.0125 0.3 1.3 
-997
12 10 5.02494 5.02494 0.3 1.3 
-999
9.5 10 2.54951 7.51665 0.3 1.3 
-20.388
12 10 5.02494 5.02494 0.3 1.3 
-997
9.5 10 2.54951 7.51665 0.3 1.3 
-21.859
9.5 10 2.54951 7.51665 0.3 1.3 
-29.002
10.75 10 3.78319 6.26997 0.3 1.3 
-34.072
7 10 0.5 10.0125 0.3 1.3 
-1000
10.75 10 3.78319 6.26997 0.3 1.3 
-997
12 10 5.02494 5.02494 0.3 1.3 
-999
12 10 5.02494 5.02494 0.3 1.3 
-999
10.75 10 3.78319 6.26997 0.3 1.3 
-999
10.75 10 3.78319 6.26997 0.3 1.3 
-1000
7 10 0.5 10.0125 0.3 1.3 
-1000
8.25 10 1.34629 8.76427 0.3 1.3 
-26.466
10.75 10 3.78319 6.26997 0.3 1.3 
-999
8.25 10 1.34629 8.76427 0.3 1.3 
-30.922
9.5 10 2.54951 7.51665 0.3 1.3 
-25.676
12 10 5.02494 5.02494 0.3 1.3 
-997
10.75 10 3.78319 6.26997 0.3 1.3 
-19.862
12 10 5.02494 5.02494 0.3 1.3 
-17.767
12 10 5.02494 5.02494 0.3 1.3 
-999
10.75 10 3.78319 6.26997 0.3 1.3 
-1000
9.5 10 2.54951 7.51665 0.3 1.3 
-26.556
8.25 10 1.34629 8.76427 0.3 1.3 
-30.276
7 10 0.5 10.0125 0.3 1.3 
-1000
9.5 10 2.54951 7.51665 0.3 1.3 
-25.05
7 10 0.5 10.0125 0.3 1.3 
-1000
8.25 10 1.34629 8.76427 0.3 1.3 
-22.914
10.75 10 3.78319 6.26997 0.3 1.3 
-20.983
9.5 10 2.54951 7.51665 0.3 1.3 
-997
10.75 10 3.78319 6.26997 0.3 1.3 
-22.815
9.5 10 2.54951 7.51665 0.3 1.3 
-26.679
12 10 5.02494 5.02494 0.3 1.3 
-999
9.5 10 2.54951 7.51665 0.3 1.3 
-20.78
9.5 10 2.54951 7.51665 0.3 1.3 
-997
12 10 5.02494 5.02494 0.3 1.3 
-22.67
9.5 10 2.54951 7.51665 0.3 1.3 
-25.169
9.5 10 2.54951 7.51665 0.3 1.3 
-37.205
9.5 10 2.54951 7.51665 0.3 1.3 
-29.102
10.75 10 3.78319 6.26997 0.3 1.3 
-23.182
10.75 10 3.78319 6.26997 0.3 1.3 
-32.81
7 10 0.5 10.0125 0.3 1.3 
-1000
8.25 10 1.34629 8.76427 0.3 1.3 
-28.101
10.75 10 3.78319 6.26997 0.3 1.3 
-1000
10.75 10 3.78319 6.26997 0.3 1.3 
-999
9.5 10 2.54951 7.51665 0.3 1.3 
-21.717
12 10 5.02494 5.02494 0.3 1.3 
-22.469
9.5 10 2.54951 7.51665 0.3 1.3 
-997
10.75 10 3.78319 6.26997 0.3 1.3 
-23.564
12 10 5.02494 5.02494 0.3 1.3 
-999
9.5 10 2.54951 7.51665 0.3 1.3 
-23.961
12 10 5.02494 5.02494 0.3 1.3 
-997
10.75 10 3.78319 6.26997 0.3 1.3 
-997
12 10 5.02494 5.02494 0.3 1.3 
-999
9.5 10 2.54951 7.51665 0.3 1.3 
-27.472
10.75 10 3.78319 6.26997 0.3 1.3 
-16.569
8.25 10 1.34629 8.76427 0.3 1.3 
-1001
10.75 10 3.78319 6.26997 0.3 1.3 
-997
8.25 10 1.34629 8.76427 0.3 1.3 
-27.583
8.25 10 1.34629 8.76427 0.3 1.3 
-35.27
9.5 10 2.54951 7.51665 0.3 1.3 
-25.769
12 10 5.02494 5.02494 0.3 1.3 
-999
8.25 10 1.34629 8.76427 0.3 1.3 
-24.274
9.5 10 2.54951 7.51665 0.3 1.3 
-20.218
12 10 5.02494 5.02494 0.3 1.3 
-999
7 10 0.5 10.0125 0.3 1.3 
-1000
10.75 10 3.78319 6.26997 0.3 1.3 
-997
8.25 10 1.34629 8.76427 0.3 1.3 
-23.191
12 10 5.02494 5.02494 0.3 1.3 
-999
7 10 0.5 10.0125 0.3 1.3 
-1000
9.5 10 2.54951 7.51665 0.3 1.3 
-997
9.5 10 2.54951 7.51665 0.3 1.3 
-22.509
9.5 10 2.54951 7.51665 0.3 1.3 
-25.529
7 10 0.5 10.0125 0.3 1.3 
-1000
9.5 10 2.54951 7.51665 0.3 1.3 
-18.468
8.25 10 1.34629 8.76427 0.3 1.3 
-26.374
12 10 5.02494 5.02494 0.3 1.3 
-1000
9.5 10 2.54951 7.51665 0.3 1.3 
-17.761
10.75 10 3.78319 6.26997 0.3 1.3 
-997
9.5 10 2.54951 7.51665 0.3 1.3 
-24.172
8.25 10 1.34629 8.76427 0.3 1.3 
-28.86
9.5 10 2.54951 7.51665 0.3 1.3 
-19.215
9.5 10 2.54951 7.51665 0.3 1.3 
-26.464
12 10 5.02494 5.02494 0.3 1.3 
-1000
12 10 5.02494 5.02494 0.3 1.3 
-999
8.25 10 1.34629 8.76427 0.3 1.3 
-27.915
7 10 0.5 10.0125 0.3 1.3 
-1000
9.5 10 2.54951 7.51665 0.3 1.3 
-24.612
8.25 10 1.34629 8.76427 0.3 1.3 
-24.614
8.25 10 1.34629 8.76427 0.3 1.3 
-21.919
8.25 10 1.34629 8.76427 0.3 1.3 
-29.769
12 10 5.02494 5.02494 0.3 1.3 
-999
8.25 10 1.34629 8.76427 0.3 1.3 
-29.91
12 10 5.02494 5.02494 0.3 1.3 
-999
10.75 10 3.78319 6.26997 0.3 1.3 
-19.313
9.5 10 2.54951 7.51665 0.3 1.3 
-40.864
12 10 5.02494 5.02494 0.3 1.3 
-999
8.25 10 1.34629 8.76427 0.3 1.3 
-34.119
7 10 0.5 10.0125 0.3 1.3 
-997
7 10 0.5 10.0125 0.3 1.3 
-997
10.75 10 3.78319 6.26997 0.3 1.3 
-22.369
9.5 10 2.54951 7.51665 0.3 1.3 
-1000
12 10 5.02494 5.02494 0.3 1.3 
-22.565
7 10 0.5 10.0125 0.3 1.3 
-1000
10.75 10 3.78319 6.26997 0.3 1.3 
-23.472
8.25 10 1.34629 8.76427 0.3 1.3 
-27.061
10.75 10 3.78319 6.26997 0.3 1.3 
-999
9.5 10 2.54951 7.51665 0.3 1.3 
-22.721
10.75 10 3.78319 6.26997 0.3 1.3 
-25.957
12 10 5.02494 5.02494 0.3 1.3 
-999
9.5 10 2.54951 7.51665 0.3 1.3 
-20.523
9.5 10 2.54951 7.51665 0.3 1.3 
-22.172
8.25 10 1.34629 8.76427 0.3 1.3 
-33.159
8.25 10 1.34629 8.76427 0.3 1.3 
-26.918
10.75 10 3.78319 6.26997 0.3 1.3 
-1000
9.5 10 2.54951 7.51665 0.3 1.3 
-33.591
9.5 10 2.54951 7.51665 0.3 1.3 
-27.368
10.75 10 3.78319 6.26997 0.3 1.3 
-25.767
7 10 0.5 10.0125 0.3 1.3 
-1000
12 10 5.02494 5.02494 0.3 1.3 
-999
9.5 10 2.54951 7.51665 0.3 1.3 
-18.769
10.75 10 3.78319 6.26997 0.3 1.3 
-21.168
10.75 10 3.78319 6.26997 0.3 1.3 
-27.071
7 10 0.5 10.0125 0.3 1.3 
-1001
9.5 10 2.54951 7.51665 0.3 1.3 
-28.323
10.75 10 3.78319 6.26997 0.3 1.3 
-999
9.5 10 2.54951 7.51665 0.3 1.3 
-21.27
10.75 10 3.78319 6.26997 0.3 1.3 
-999
12 10 5.02494 5.02494 0.3 1.3 
-999
9.5 10 2.54951 7.51665 0.3 1.3 
-18.927
10.75 10 3.78319 6.26997 0.3 1.3 
-997
9.5 10 2.54951 7.51665 0.3 1.3 
-27.258
9.5 10 2.54951 7.51665 0.3 1.3 
-999
12 10 5.02494 5.02494 0.3 1.3 
-999
12 10 5.02494 5.02494 0.3 1.3 
-999
7 10 0.5 10.0125 0.3 1.3 
-1000
7 10 0.5 10.0125 0.3 1.3 
-1001
10.75 10 3.78319 6.26997 0.3 1.3 
-22.273
12 10 5.02494 5.02494 0.3 1.3 
-999
8.25 10 1.34629 8.76427 0.3 1.3 
-27.115
9.5 10 2.54951 7.51665 0.3 1.3 
-1000
10.75 10 3.78319 6.26997 0.3 1.3 
-1000
7 10 0.5 10.0125 0.3 1.3 
-1000
7 10 0.5 10.0125 0.3 1.3 
-1000
12 10 5.02494 5.02494 0.3 1.3 
-37.68
10.75 10 3.78319 6.26997 0.3 1.3 
-997
10.75 10 3.78319 6.26997 0.3 1.3 
-26.636
12 10 5.02494 5.02494 0.3 1.3 
-999
12 10 5.02494 5.02494 0.3 1.3 
-999
7 10 0.5 10.0125 0.3 1.3 
-1000
10.75 10 3.78319 6.26997 0.3 1.3 
-20.606
8.25 10 1.34629 8.76427 0.3 1.3 
-22.928
10.75 10 3.78319 6.26997 0.3 1.3 
-1000
10.75 10 3.78319 6.26997 0.3 1.3 
-22.631
8.25 10 1.34629 8.76427 0.3 1.3 
-31.114
9.5 10 2.54951 7.51665 0.3 1.3 
-26.367
8.25 10 1.34629 8.76427 0.3 1.3 
-997
7 10 0.5 10.0125 0.3 1.3 
-1000
7 10 0.5 10.0125 0.3 1.3 
-1000
9.5 10 2.54951 7.51665 0.3 1.3 
-997
9.5 10 2.54951 7.51665 0.3 1.3 
-24.179
7 10 0.5 10.0125 0.3 1.3 
-997
8.25 10 1.34629 8.76427 0.3 1.3 
-25.266
12 10 5.02494 5.02494 0.3 1.3 
-999
12 10 5.02494 5.02494 0.3 1.3 
-999
9.5 10 2.54951 7.51665 0.3 1.3 
-24.181
8.25 10 1.34629 8.76427 0.3 1.3 
-22.961
12 10 5.02494 5.02494 0.3 1.3 
-999
7 10 0.5 10.0125 0.3 1.3 
-1000
10.75 10 3.78319 6.26997 0.3 1.3 
-997
9.5 10 2.54951 7.51665 0.3 1.3 
-997
12 10 5.02494 5.02494 0.3 1.3 
-999
8.25 10 1.34629 8.76427 0.3 1.3 
-25.771
9.5 10 2.54951 7.51665 0.3 1.3 
-34.119
9.5 10 2.54951 7.51665 0.3 1.3 
-31.178
10.75 10 3.78319 6.26997 0.3 1.3 
-24.509
10.75 10 3.78319 6.26997 0.3 1.3 
-18.769
7 10 0.5 10.0125 0.3 1.3 
-1000
9.5 10 2.54951 7.51665 0.3 1.3 
-25.684
9.5 10 2.54951 7.51665 0.3 1.3 
-23.215
9.5 10 2.54951 7.51665 0.3 1.3 
-27.413
9.5 10 2.54951 7.51665 0.3 1.3 
-23.07
7 10 0.5 10.0125 0.3 1.3 
-1000
9.5 10 2.54951 7.51665 0.3 1.3 
-997
7 10 0.5 10.0125 0.3 1.3 
-1000
8.25 10 1.34629 8.76427 0.3 1.3 
-997
12 10 5.02494 5.02494 0.3 1.3 
-999
10.75 10 3.78319 6.26997 0.3 1.3 
-20.474
8.25 10 1.34629 8.76427 0.3 1.3 
-997
12 10 5.02494 5.02494 0.3 1.3 
-999
9.5 10 2.54951 7.51665 0.3 1.3 
-1001
7 10 0.5 10.0125 0.3 1.3 
-1000
12 10 5.02494 5.02494 0.3 1.3 
-33.071
7 10 0.5 10.0125 0.3 1.3 
-1000
9.5 10 2.54951 7.51665 0.3 1.3 
-28.868
7 10 0.5 10.0125 0.3 1.3 
-1001
9.5 10 2.54951 7.51665 0.3 1.3 
-997
7 10 0.5 10.0125 0.3 1.3 
-1000
8.25 10 1.34629 8.76427 0.3 1.3 
-39.463
10.75 10 3.78319 6.26997 0.3 1.3 
-25.926
7 10 0.5 10.0125 0.3 1.3 
-1000
12 10 5.02494 5.02494 0.3 1.3 
-997
12 10 5.02494 5.02494 0.3 1.3 
-1000
9.5 10 2.54951 7.51665 0.3 1.3 
-28.633
10.75 10 3.78319 6.26997 0.3 1.3 
-22.209
8.25 10 1.34629 8.76427 0.3 1.3 
-997
9.5 10 2.54951 7.51665 0.3 1.3 
-20.325
8.25 10 1.34629 8.76427 0.3 1.3 
-23.325
10.75 10 3.78319 6.26997 0.3 1.3 
-19.622
8.25 10 1.34629 8.76427 0.3 1.3 
-24.416
10.75 10 3.78319 6.26997 0.3 1.3 
-22.762
7 10 0.5 10.0125 0.3 1.3 
-1000
10.75 10 3.78319 6.26997 0.3 1.3 
-21.263
7 10 0.5 10.0125 0.3 1.3 
-1000
9.5 10 2.54951 7.51665 0.3 1.3 
-20.617
7 10 0.5 10.0125 0.3 1.3 
-997
8.25 10 1.34629 8.76427 0.3 1.3 
-26.82
10.75 10 3.78319 6.26997 0.3 1.3 
-41.604
7 10 0.5 10.0125 0.3 1.3 
-1000
12 10 5.02494 5.02494 0.3 1.3 
-997
12 10 5.02494 5.02494 0.3 1.3 
-21.267
9.5 10 2.54951 7.51665 0.3 1.3 
-997
9.5 10 2.54951 7.51665 0.3 1.3 
-19.442
10.75 10 3.78319 6.26997 0.3 1.3 
-25.422
9.5 10 2.54951 7.51665 0.3 1.3 
-999
8.25 10 1.34629 8.76427 0.3 1.3 
-25.872
7 10 0.5 10.0125 0.3 1.3 
-1000
12 10 5.02494 5.02494 0.3 1.3 
-997
8.25 10 1.34629 8.76427 0.3 1.3 
-30.216
9.5 10 2.54951 7.51665 0.3 1.3 
-997
12 10 5.02494 5.02494 0.3 1.3 
-999
9.5 10 2.54951 7.51665 0.3 1.3 
-28.667
8.25 10 1.34629 8.76427 0.3 1.3 
-997
8.25 10 1.34629 8.76427 0.3 1.3 
-997
8.25 10 1.34629 8.76427 0.3 1.3 
-30.723
8.25 10 1.34629 8.76427 0.3 1.3 
-40.511
9.5 10 2.54951 7.51665 0.3 1.3 
-36.022
7 10 0.5 10.0125 0.3 1.3 
-997
10.75 10 3.78319 6.26997 0.3 1.3 
-17.96
8.25 10 1.34629 8.76427 0.3 1.3 
-25.516
8.25 10 1.34629 8.76427 0.3 1.3 
-24.011
10.75 10 3.78319 6.26997 0.3 1.3 
-999
10.75 10 3.78319 6.26997 0.3 1.3 
-1000
12 10 5.02494 5.02494 0.3 1.3 
-999
12 10 5.02494 5.02494 0.3 1.3 
-999
10.75 10 3.78319 6.26997 0.3 1.3 
-1000
12 10 5.02494 5.02494 0.3 1.3 
-999
9.5 10 2.54951 7.51665 0.3 1.3 
-24.364
8.25 10 1.34629 8.76427 0.3 1.3 
-26.424
8.25 10 1.34629 8.76427 0.3 1.3 
-997
12 10 5.02494 5.02494 0.3 1.3 
-999
8.25 10 1.34629 8.76427 0.3 1.3 
-24.169
10.75 10 3.78319 6.26997 0.3 1.3 
-25.858
8.25 10 1.34629 8.76427 0.3 1.3 
-23.942
8.25 10 1.34629 8.76427 0.3 1.3 
-1001
9.5 10 2.54951 7.51665 0.3 1.3 
-997
12 10 5.02494 5.02494 0.3 1.3 
-999
12 10 5.02494 5.02494 0.3 1.3 
-999
10.75 10 3.78319 6.26997 0.3 1.3 
-18.716
7 10 0.5 10.0125 0.3 1.3 
-1001
8.25 10 1.34629 8.76427 0.3 1.3 
-23.815
7 10 0.5 10.0125 0.3 1.3 
-1000
12 10 5.02494 5.02494 0.3 1.3 
-999
12 10 5.02494 5.02494 0.3 1.3 
-999
8.25 10 1.34629 8.76427 0.3 1.3 
-23.017
9.5 10 2.54951 7.51665 0.3 1.3 
-25.185
7 10 0.5 10.0125 0.3 1.3 
-1001
7 10 0.5 10.0125 0.3 1.3 
-1000
9.5 10 2.54951 7.51665 0.3 1.3 
-26.722
7 10 0.5 10.0125 0.3 1.3 
-1000
10.75 10 3.78319 6.26997 0.3 1.3 
-28.925
10.75 10 3.78319 6.26997 0.3 1.3 
-26.916
12 10 5.02494 5.02494 0.3 1.3 
-20.328
12 10 5.02494 5.02494 0.3 1.3 
-999
9.5 10 2.54951 7.51665 0.3 1.3 
-24.419
7 10 0.5 10.0125 0.3 1.3 
-1000
9.5 10 2.54951 7.51665 0.3 1.3 
-25.011
10.75 10 3.78319 6.26997 0.3 1.3 
-999
12 10 5.02494 5.02494 0.3 1.3 
-999
7 10 0.5 10.0125 0.3 1.3 
-1000
8.25 10 1.34629 8.76427 0.3 1.3 
-29.004
10.75 10 3.78319 6.26997 0.3 1.3 
-21.919
10.75 10 3.78319 6.26997 0.3 1.3 
-27.909
12 10 5.02494 5.02494 0.3 1.3 
-999
8.25 10 1.34629 8.76427 0.3 1.3 
-25.52
9.5 10 2.54951 7.51665 0.3 1.3 
-20.213
10.75 10 3.78319 6.26997 0.3 1.3 
-18.572
7 10 0.5 10.0125 0.3 1.3 
-997
8.25 10 1.34629 8.76427 0.3 1.3 
-39.274
12 10 5.02494 5.02494 0.3 1.3 
-999
10.75 10 3.78319 6.26997 0.3 1.3 
-21.562
9.5 10 2.54951 7.51665 0.3 1.3 
-21.66
12 10 5.02494 5.02494 0.3 1.3 
-997
9.5 10 2.54951 7.51665 0.3 1.3 
-31.969
8.25 10 1.34629 8.76427 0.3 1.3 
-30.466
9.5 10 2.54951 7.51665 0.3 1.3 
-28.107
7 10 0.5 10.0125 0.3 1.3 
-1000
10.75 10 3.78319 6.26997 0.3 1.3 
-997
12 10 5.02494 5.02494 0.3 1.3 
-999
12 10 5.02494 5.02494 0.3 1.3 
-999
12 10 5.02494 5.02494 0.3 1.3 
-999
10.75 10 3.78319 6.26997 0.3 1.3 
-20.52
10.75 10 3.78319 6.26997 0.3 1.3 
-1001
10.75 10 3.78319 6.26997 0.3 1.3 
-1000
12 10 5.02494 5.02494 0.3 1.3 
-997
9.5 10 2.54951 7.51665 0.3 1.3 
-19.966
7 10 0.5 10.0125 0.3 1.3 
-997
8.25 10 1.34629 8.76427 0.3 1.3 
-27.762
10.75 10 3.78319 6.26997 0.3 1.3 
-1000
12 10 5.02494 5.02494 0.3 1.3 
-999
10.75 10 3.78319 6.26997 0.3 1.3 
-21.566
12 10 5.02494 5.02494 0.3 1.3 
-1000
10.75 10 3.78319 6.26997 0.3 1.3 
-1000
9.5 10 2.54951 7.51665 0.3 1.3 
-997
8.25 10 1.34629 8.76427 0.3 1.3 
-30.01
8.25 10 1.34629 8.76427 0.3 1.3 
-997
8.25 10 1.34629 8.76427 0.3 1.3 
-26.176
8.25 10 1.34629 8.76427 0.3 1.3 
-43.268
9.5 10 2.54951 7.51665 0.3 1.3 
-26.857
9.5 10 2.54951 7.51665 0.3 1.3 
-28.628
7 10 0.5 10.0125 0.3 1.3 
-1000
7 10 0.5 10.0125 0.3 1.3 
-1001
12 10 5.02494 5.02494 0.3 1.3 
-999
8.25 10 1.34629 8.76427 0.3 1.3 
-24.27
12 10 5.02494 5.02494 0.3 1.3 
-1001
9.5 10 2.54951 7.51665 0.3 1.3 
-1000
10.75 10 3.78319 6.26997 0.3 1.3 
-997
8.25 10 1.34629 8.76427 0.3 1.3 
-33.927
7 10 0.5 10.0125 0.3 1.3 
-1000
7 10 0.5 10.0125 0.3 1.3 
-1000
8.25 10 1.34629 8.76427 0.3 1.3 
-24.789
12 10 5.02494 5.02494 0.3 1.3 
-999
10.75 10 3.78319 6.26997 0.3 1.3 
-20.027
8.25 10 1.34629 8.76427 0.3 1.3 
-23.573
12 10 5.02494 5.02494 0.3 1.3 
-23.612
9.5 10 2.54951 7.51665 0.3 1.3 
-26.673
10.75 10 3.78319 6.26997 0.3 1.3 
-27.918
8.25 10 1.34629 8.76427 0.3 1.3 
-26.968
7 10 0.5 10.0125 0.3 1.3 
-1000
8.25 10 1.34629 8.76427 0.3 1.3 
-25.123
8.25 10 1.34629 8.76427 0.3 1.3 
-1000
10.75 10 3.78319 6.26997 0.3 1.3 
-999
10.75 10 3.78319 6.26997 0.3 1.3 
-27.066
8.25 10 1.34629 8.76427 0.3 1.3 
-997
9.5 10 2.54951 7.51665 0.3 1.3 
-997
12 10 5.02494 5.02494 0.3 1.3 
-999
9.5 10 2.54951 7.51665 0.3 1.3 
-19.63
10.75 10 3.78319 6.26997 0.3 1.3 
-32.365
7 10 0.5 10.0125 0.3 1.3 
-1000
8.25 10 1.34629 8.76427 0.3 1.3 
-24.109
7 10 0.5 10.0125 0.3 1.3 
-1000
10.75 10 3.78319 6.26997 0.3 1.3 
-19.974
10.75 10 3.78319 6.26997 0.3 1.3 
-27.216
8.25 10 1.34629 8.76427 0.3 1.3 
-36.263
12 10 5.02494 5.02494 0.3 1.3 
-999
7 10 0.5 10.0125 0.3 1.3 
-1001
7 10 0.5 10.0125 0.3 1.3 
-1000
7 10 0.5 10.0125 0.3 1.3 
-1000
8.25 10 1.34629 8.76427 0.3 1.3 
-34.216
10.75 10 3.78319 6.26997 0.3 1.3 
-19.579
7 10 0.5 10.0125 0.3 1.3 
-1000
12 10 5.02494 5.02494 0.3 1.3 
-997
12 10 5.02494 5.02494 0.3 1.3 
-999
7 10 0.5 10.0125 0.3 1.3 
-1000
7 10 0.5 10.0125 0.3 1.3 
-1000
12 10 5.02494 5.02494 0.3 1.3 
-999
9.5 10 2.54951 7.51665 0.3 1.3 
-20.318
12 10 5.02494 5.02494 0.3 1.3 
-27.571
9.5 10 2.54951 7.51665 0.3 1.3 
-27.82
12 10 5.02494 5.02494 0.3 1.3 
-999
9.5 10 2.54951 7.51665 0.3 1.3 
-37.661
7 10 0.5 10.0125 0.3 1.3 
-1000
12 10 5.02494 5.02494 0.3 1.3 
-999
7 10 0.5 10.0125 0.3 1.3 
-1000
8.25 10 1.34629 8.76427 0.3 1.3 
-24.524
12 10 5.02494 5.02494 0.3 1.3 
-999
8.25 10 1.34629 8.76427 0.3 1.3 
-28.264
8.25 10 1.34629 8.76427 0.3 1.3 
-25.712
9.5 10 2.54951 7.51665 0.3 1.3 
-997
12 10 5.02494 5.02494 0.3 1.3 
-18.512
12 10 5.02494 5.02494 0.3 1.3 
-15.273
7 10 0.5 10.0125 0.3 1.3 
-1000
9.5 10 2.54951 7.51665 0.3 1.3 
-999
10.75 10 3.78319 6.26997 0.3 1.3 
-19.263
10.75 10 3.78319 6.26997 0.3 1.3 
-37.417
10.75 10 3.78319 6.26997 0.3 1.3 
-29.415
10.75 10 3.78319 6.26997 0.3 1.3 
-19.603
12 10 5.02494 5.02494 0.3 1.3 
-999
10.75 10 3.78319 6.26997 0.3 1.3 
-20.32
8.25 10 1.34629 8.76427 0.3 1.3 
-997
9.5 10 2.54951 7.51665 0.3 1.3 
-997
10.75 10 3.78319 6.26997 0.3 1.3 
-26.039
8.25 10 1.34629 8.76427 0.3 1.3 
-25.543
8.25 10 1.34629 8.76427 0.3 1.3 
-26.826
10.75 10 3.78319 6.26997 0.3 1.3 
-23.273
8.25 10 1.34629 8.76427 0.3 1.3 
-27.206
9.5 10 2.54951 7.51665 0.3 1.3 
-26.716
9.5 10 2.54951 7.51665 0.3 1.3 
-28.764
9.5 10 2.54951 7.51665 0.3 1.3 
-997
9.5 10 2.54951 7.51665 0.3 1.3 
-23.269
10.75 10 3.78319 6.26997 0.3 1.3 
-32.27
9.5 10 2.54951 7.51665 0.3 1.3 
-21.48
9.5 10 2.54951 7.51665 0.3 1.3 
-23.266
10.75 10 3.78319 6.26997 0.3 1.3 
-18.266
9.5 10 2.54951 7.51665 0.3 1.3 
-27.729
8.25 10 1.34629 8.76427 0.3 1.3 
-23.563
9.5 10 2.54951 7.51665 0.3 1.3 
-26.902
8.25 10 1.34629 8.76427 0.3 1.3 
-40.17
9.5 10 2.54951 7.51665 0.3 1.3 
-1000
8.25 10 1.34629 8.76427 0.3 1.3 
-32.07
9.5 10 2.54951 7.51665 0.3 1.3 
-1001
10.75 10 3.78319 6.26997 0.3 1.3 
-1000
10.75 10 3.78319 6.26997 0.3 1.3 
-32.466
8.25 10 1.34629 8.76427 0.3 1.3 
-24.673
8.25 10 1.34629 8.76427 0.3 1.3 
-32.968
